date,tempC,maxtempC,mintempC,WindChillC,FeelsLikeC,visibilityMiles,HeatIndexC,avgtempC,windspeedMiles,winddirDegree,pressure,WindGustMiles,precipMM,totalSnow_cm,sunHour,DewPointC,humidity,uvIndex,fips
2019-01-01,-7,-7,-8,-12,-12,5,-7,-7,8,241,1025,9,1.1,1.1,5.1,-11,77,1,55057
2019-01-02,-6,-6,-13,-14,-14,5,-11,-9,6,219,1022,12,0.2,0.1,3.4,-14,75,1,55057
2019-01-03,1,1,-10,-8,-8,6,-4,-3,9,225,1014,17,0.0,0.0,8.7,-7,79,2,55057
2019-01-04,4,4,-6,-4,-4,4,0,0,6,264,1009,13,0.0,0.0,6.9,-3,82,1,55057
2019-01-05,7,7,-6,-3,-3,6,0,0,6,284,1015,15,0.0,0.0,8.7,-3,82,2,55057
2019-01-06,-2,-2,-8,-6,-6,5,-3,-4,5,105,1024,16,1.0,0.0,6.9,-5,85,1,55057
2019-01-07,6,6,3,-1,-1,3,3,4,11,223,1006,22,27.9,0.0,3.4,2,92,1,55057
2019-01-08,0,0,-1,-6,-6,2,-1,-1,11,293,1015,20,1.3,0.5,3.4,-4,80,1,55057
2019-01-09,-8,-8,-10,-14,-14,5,-7,-9,10,314,1030,18,0.2,0.1,6.9,-12,69,1,55057
2019-01-10,-5,-5,-13,-10,-10,6,-8,-8,5,77,1030,6,0.0,0.0,6.9,-11,69,1,55057
2019-01-11,-1,-1,-10,-7,-7,6,-4,-4,4,161,1026,9,0.0,0.0,8.7,-8,76,2,55057
2019-01-12,-1,-1,-7,-6,-6,6,-3,-3,4,84,1028,12,0.2,0.1,5.2,-4,92,1,55057
2019-01-13,-1,-1,-8,-6,-6,6,-4,-4,3,64,1032,7,0.1,0.0,3.4,-6,86,1,55057
2019-01-14,2,2,-7,-6,-6,6,-2,-1,6,238,1026,9,0.1,0.0,6.9,-5,83,1,55057
2019-01-15,2,2,-6,-3,-3,5,-1,-1,5,232,1020,13,0.2,0.1,3.4,-3,85,1,55057
2019-01-16,-4,-4,-10,-9,-9,6,-5,-6,6,59,1024,10,0.1,0.1,8.7,-11,68,1,55057
2019-01-17,-2,-2,-9,-8,-8,4,-5,-4,5,231,1020,10,1.2,1.1,3.5,-9,76,1,55057
2019-01-18,-5,-5,-14,-13,-13,4,-8,-8,7,37,1023,10,4.1,2.9,5.2,-13,67,1,55057
2019-01-19,-9,-9,-14,-19,-19,4,-12,-12,9,16,1029,12,5.1,4.8,3.5,-17,64,1,55057
2019-01-20,-13,-13,-22,-22,-22,6,-16,-16,6,24,1033,10,0.0,0.0,8.7,-22,65,2,55057
2019-01-21,-9,-9,-24,-19,-19,6,-14,-13,8,153,1029,13,0.0,0.0,3.5,-18,71,1,55057
2019-01-22,-7,-7,-11,-14,-14,3,-8,-8,8,142,1016,10,8.6,7.2,3.5,-10,85,1,55057
2019-01-23,-7,-7,-12,-16,-16,4,-10,-9,8,323,1015,10,1.8,1.4,3.5,-12,83,1,55057
2019-01-24,-12,-12,-13,-18,-18,1,-13,-13,11,302,1018,18,1.2,0.6,4.9,-17,79,1,55057
2019-01-25,-17,-17,-26,-28,-28,6,-21,-21,6,269,1025,12,0.2,0.1,6.6,-25,75,1,55057
2019-01-26,-14,-14,-30,-24,-24,6,-21,-20,5,217,1022,9,0.1,0.0,6.6,-23,80,1,55057
2019-01-27,-17,-17,-27,-25,-25,5,-19,-21,6,242,1019,11,0.4,0.2,8.3,-22,79,1,55057
2019-01-28,-12,-12,-15,-22,-22,1,-14,-13,11,31,1010,17,18.3,15.6,4.9,-16,86,1,55057
2019-01-29,-21,-21,-23,-34,-34,3,-22,-22,14,295,1018,22,0.7,0.5,4.9,-27,69,1,55057
2019-01-30,-25,-25,-33,-41,-41,6,-28,-28,13,285,1025,18,0.1,0.1,4.9,-32,70,1,55057
2019-01-31,-21,-21,-36,-33,-33,5,-27,-27,5,250,1030,9,0.1,0.0,6.6,-30,73,1,55057
2019-02-01,-11,-11,-24,-19,-19,4,-16,-16,5,178,1025,10,0.1,0.0,5.0,-18,81,1,55057
2019-02-02,3,3,-5,-7,-7,4,-3,-1,7,228,1013,16,0.3,0.0,5.0,-4,90,1,55057
2019-02-03,7,7,-1,2,2,4,5,4,5,215,1006,16,0.7,0.0,5.0,4,96,1,55057
2019-02-04,5,5,-1,-2,-2,4,2,3,10,285,1005,19,6.3,0.5,5.0,-1,88,1,55057
2019-02-05,-5,-5,-10,-14,-14,5,-8,-7,9,65,1023,11,5.9,2.4,6.7,-12,76,1,55057
2019-02-06,-3,-3,-7,-10,-10,4,-5,-5,9,68,1019,12,4.0,3.8,5.0,-6,93,1,55057
2019-02-07,1,1,-2,-8,-8,3,-2,0,12,144,1008,17,11.3,0.3,5.0,-3,94,1,55057
2019-02-08,-15,-15,-19,-27,-27,4,-17,-17,13,286,1032,22,0.6,0.0,5.1,-21,73,1,55057
2019-02-09,-11,-11,-27,-23,-23,12,-18,-17,4,209,1044,7,0.0,0.0,10.1,-22,75,2,55057
2019-02-10,-6,-6,-11,-13,-13,5,-9,-8,6,109,1031,10,5.5,4.6,5.1,-11,84,1,55057
2019-02-11,-4,-4,-10,-12,-12,5,-6,-7,8,91,1022,15,1.8,0.1,5.1,-8,88,1,55057
2019-02-12,-4,-4,-6,-11,-11,1,-5,-5,12,123,1005,18,29.9,25.6,5.1,-6,89,1,55057
2019-02-13,-5,-5,-11,-13,-13,6,-7,-7,8,282,1012,17,2.6,0.3,8.4,-9,82,1,55057
2019-02-14,1,1,-5,-5,-5,5,-2,-2,8,236,1003,13,1.4,0.9,5.1,-6,87,1,55057
2019-02-15,-9,-9,-17,-21,-21,5,-12,-13,12,304,1016,18,0.5,0.0,8.4,-16,74,1,55057
2019-02-16,-7,-7,-21,-17,-17,8,-13,-12,5,81,1021,9,0.1,0.0,6.9,-16,82,1,55057
2019-02-17,-7,-7,-11,-14,-14,5,-8,-8,7,63,1019,15,8.1,6.7,5.4,-10,88,1,55057
2019-02-18,-7,-7,-13,-13,-13,5,-10,-9,4,218,1030,9,0.9,0.9,5.4,-12,85,1,55057
2019-02-19,-7,-7,-23,-14,-14,6,-13,-12,2,219,1034,6,0.0,0.0,8.5,-15,83,1,55057
2019-02-20,-2,-2,-11,-10,-10,2,-5,-5,6,118,1017,17,15.1,9.4,5.4,-6,93,1,55057
2019-02-21,-3,-3,-11,-11,-11,5,-5,-6,9,282,1021,14,0.2,0.1,7.0,-9,83,1,55057
2019-02-22,0,0,-14,-8,-8,4,-6,-5,5,160,1026,7,0.0,0.0,8.5,-8,88,1,55057
2019-02-23,1,1,-8,-6,-6,5,-2,-1,7,111,1015,16,14.0,0.9,5.5,-3,92,1,55057
2019-02-24,-2,-2,-8,-9,-9,0,-3,-4,19,292,1007,30,24.1,8.8,5.5,-7,83,1,55057
2019-02-25,-12,-12,-21,-23,-23,5,-15,-16,8,297,1032,16,0.1,0.1,5.5,-19,73,1,55057
2019-02-26,-11,-11,-20,-19,-19,4,-14,-14,5,73,1032,9,0.8,0.5,5.5,-17,80,1,55057
2019-02-27,-11,-11,-16,-19,-19,3,-13,-14,7,311,1029,12,2.3,2.0,5.5,-16,76,1,55057
2019-02-28,-8,-8,-19,-19,-19,4,-13,-12,5,238,1028,10,0.0,0.0,7.1,-16,76,1,55057
2019-03-01,-6,-6,-15,-15,-15,4,-9,-9,8,159,1020,5,4.2,2.9,5.6,-12,80,1,55057
2019-03-02,-11,-11,-16,-19,-19,3,-11,-12,10,327,1022,12,3.5,3.2,5.6,-15,76,1,55057
2019-03-03,-13,-13,-21,-23,-23,6,-16,-16,7,294,1029,15,0.1,0.0,5.6,-20,75,1,55057
2019-03-04,-14,-14,-21,-27,-27,5,-18,-18,11,271,1025,16,0.3,0.2,5.6,-20,87,1,55057
2019-03-05,-10,-10,-18,-23,-23,4,-15,-14,12,292,1022,17,0.7,0.4,5.6,-16,89,1,55057
2019-03-06,-6,-6,-18,-19,-19,4,-12,-11,9,265,1026,14,0.6,0.5,5.6,-14,91,1,55057
2019-03-07,-6,-6,-17,-15,-15,5,-11,-11,4,111,1029,7,0.0,0.0,8.6,-13,89,1,55057
2019-03-08,-1,-1,-13,-9,-9,5,-6,-5,4,166,1023,7,0.1,0.1,5.7,-7,93,1,55057
2019-03-09,1,1,-5,-7,-7,2,-2,-1,14,111,1010,21,8.5,0.0,5.7,-3,93,1,55057
2019-03-10,0,0,-6,-8,-8,3,-2,0,15,284,1010,22,5.3,5.4,5.9,-3,90,1,55057
2019-03-11,-1,-1,-10,-11,-11,6,-6,-5,9,289,1029,14,0.0,0.0,11.6,-7,90,2,55057
2019-03-12,2,2,-8,-7,-7,5,-2,-1,9,189,1023,17,10.9,0.0,10.2,-3,95,1,55057
2019-03-13,6,6,1,0,0,3,4,4,10,148,1007,21,15.2,0.0,5.9,4,99,1,55057
2019-03-14,13,13,2,4,4,5,7,9,9,189,994,17,6.2,0.0,6.0,6,93,2,55057
2019-03-15,1,1,-3,-6,-6,2,0,0,16,307,1013,22,2.4,0.8,6.0,-3,82,1,55057
2019-03-16,2,2,-6,-7,-7,6,-2,-1,8,298,1027,11,0.1,0.1,11.6,-6,76,2,55057
2019-03-17,2,2,-6,-5,-5,12,-2,-1,6,297,1026,8,0.1,0.0,10.2,-5,82,2,55057
2019-03-18,4,4,-4,-3,-3,11,0,1,6,288,1029,9,1.1,0.9,7.4,-3,82,1,55057
2019-03-19,9,9,-2,-1,-1,6,2,4,8,223,1026,13,0.0,0.0,11.6,-2,76,2,55057
2019-03-20,4,4,0,-2,-2,4,2,3,9,271,1016,15,0.8,0.5,6.0,0,86,1,55057
2019-03-21,7,7,-3,-2,-2,4,2,3,10,292,1017,14,0.1,0.1,10.2,0,87,2,55057
2019-03-22,6,6,-1,-1,-1,6,2,3,8,241,1022,13,0.1,0.0,11.6,-2,74,2,55057
2019-03-23,13,13,-1,3,3,6,5,7,5,226,1024,7,0.0,0.0,11.6,-2,66,3,55057
2019-03-24,10,10,2,4,4,4,6,8,7,45,1021,10,0.7,0.0,7.6,0,69,2,55057
2019-03-25,7,7,-4,-3,-3,6,1,2,7,56,1029,10,0.0,0.0,11.6,-12,42,2,55057
2019-03-26,9,9,-2,1,1,6,3,5,5,205,1030,7,0.0,0.0,10.3,-9,44,1,55057
2019-03-27,16,16,0,6,6,6,9,10,15,205,1019,22,0.0,0.0,9.0,0,54,3,55057
2019-03-28,12,12,3,6,6,12,8,8,9,348,1018,12,0.1,0.0,7.7,2,70,3,55057
2019-03-29,10,10,-1,3,3,12,5,6,5,203,1020,8,0.0,0.0,11.6,-4,59,3,55057
2019-03-30,4,4,-2,-3,-3,12,1,2,12,344,1022,16,0.0,0.0,11.6,-10,46,2,55057
2019-03-31,5,5,-5,-5,-5,6,-1,1,9,312,1027,12,0.0,0.0,11.6,-12,43,2,55057
2019-04-01,9,9,-3,-1,-1,5,2,4,9,202,1021,13,0.8,0.3,6.4,-4,61,1,55057
2019-04-02,10,10,1,2,2,5,5,6,10,264,1014,14,6.1,2.6,10.3,0,72,3,55057
2019-04-03,12,12,-1,2,2,6,5,7,9,271,1023,13,0.1,0.0,11.6,-5,48,3,55057
2019-04-04,7,7,1,0,0,5,4,4,10,100,1027,15,4.0,0.0,7.8,-4,60,1,55057
2019-04-05,12,12,2,6,6,4,7,8,4,224,1019,6,0.7,0.0,7.8,4,84,2,55057
2019-04-06,19,19,7,10,10,4,11,12,7,163,1018,12,0.9,0.0,7.8,8,83,3,55057
2019-04-07,13,13,5,10,10,4,11,12,6,175,1010,10,2.9,0.0,6.5,11,92,3,55057
2019-04-08,22,22,6,13,13,4,15,15,10,230,1009,16,0.0,0.0,11.6,7,70,4,55057
2019-04-09,16,16,4,9,9,6,11,11,11,287,1013,16,0.0,0.0,11.6,2,65,4,55057
2019-04-10,5,5,-1,-4,-4,4,1,2,13,87,1018,17,13.1,9.0,6.6,-3,76,1,55057
2019-04-11,1,1,-6,-6,-6,2,0,0,21,90,1009,31,65.2,8.5,6.6,0,97,1,55057
2019-04-12,5,5,-1,-3,-3,3,2,2,14,214,1002,22,10.6,0.0,6.6,0,88,1,55057
2019-04-13,4,4,-2,-4,-4,5,1,2,11,271,1017,15,0.3,0.1,6.6,-3,79,1,55057
2019-04-14,5,5,-2,-2,-2,6,1,2,8,41,1014,10,0.1,0.0,7.9,-2,80,1,55057
2019-04-15,12,12,-2,2,2,6,4,6,6,177,1014,10,0.0,0.0,11.6,0,75,3,55057
2019-04-16,16,16,5,8,8,5,10,11,6,122,1013,10,4.4,0.0,9.1,7,82,3,55057
2019-04-17,9,9,1,4,4,4,8,8,11,103,1008,18,35.3,0.0,6.7,7,89,2,55057
2019-04-18,8,8,0,3,3,6,6,6,11,326,1006,16,0.3,0.0,6.7,4,84,2,55057
2019-04-19,15,15,1,5,5,6,8,9,9,12,1015,13,0.0,0.0,11.6,0,63,3,55057
2019-04-20,18,18,3,10,10,6,11,13,4,213,1012,7,0.0,0.0,11.6,1,54,4,55057
2019-04-21,23,23,10,15,15,5,16,16,9,187,1011,15,0.4,0.0,7.9,10,71,4,55057
2019-04-22,21,21,13,16,16,5,18,18,11,186,1012,17,19.8,0.0,6.7,13,80,4,55057
2019-04-23,17,17,5,9,9,5,11,12,8,354,1017,11,2.1,0.0,11.6,5,69,4,55057
2019-04-24,18,18,7,12,12,6,12,14,8,209,1013,11,0.0,0.0,11.6,7,70,4,55057
2019-04-25,14,14,8,10,10,5,11,12,6,293,1009,10,10.6,0.0,6.8,9,87,3,55057
2019-04-26,13,13,5,6,6,6,9,10,13,320,1013,19,1.7,0.0,13.6,2,63,3,55057
2019-04-27,4,4,1,1,1,4,4,4,5,79,1016,8,2.6,1.4,8.8,-3,61,1,55057
2019-04-28,11,11,-2,3,3,6,5,7,6,170,1021,9,0.0,0.0,13.4,-2,64,2,55057
2019-04-29,8,8,2,3,3,3,6,6,8,154,1018,12,8.3,0.0,9.0,3,83,2,55057
2019-04-30,10,10,3,2,2,3,5,7,9,97,1024,13,2.0,0.0,10.1,3,87,2,55057
2019-05-01,12,12,4,4,4,5,7,8,8,68,1018,11,8.4,0.0,9.1,5,88,2,55057
2019-05-02,13,13,5,8,8,5,9,10,4,301,1021,6,0.2,0.0,11.2,5,80,3,55057
2019-05-03,16,16,6,11,11,6,11,12,3,153,1019,4,0.0,0.0,14.5,5,69,4,55057
2019-05-04,19,19,5,11,11,4,12,15,7,240,1014,11,0.5,0.0,13.4,8,78,3,55057
2019-05-05,20,20,8,13,13,5,14,16,9,246,1010,14,6.4,0.0,11.3,10,81,4,55057
2019-05-06,15,15,8,10,10,4,11,12,6,147,1017,9,0.3,0.0,10.2,7,75,3,55057
2019-05-07,15,15,4,8,8,6,10,11,9,97,1025,13,0.0,0.0,14.5,3,68,4,55057
2019-05-08,6,6,-1,0,0,4,4,5,15,101,1018,23,29.9,0.0,9.2,2,80,1,55057
2019-05-09,11,11,6,6,6,4,9,9,9,294,1008,13,3.0,0.0,9.2,7,89,2,55057
2019-05-10,13,13,3,6,6,5,9,10,6,295,1020,10,0.1,0.0,12.4,3,74,2,55057
2019-05-11,13,13,5,7,7,6,9,11,6,162,1018,9,1.5,0.0,12.4,6,81,3,55057
2019-05-12,13,13,2,7,7,6,8,10,4,63,1013,6,0.5,0.0,11.3,3,75,2,55057
2019-05-13,17,17,3,10,10,6,11,13,4,128,1014,6,0.0,0.0,14.5,5,72,4,55057
2019-05-14,18,18,8,12,12,6,13,15,8,211,1015,12,0.0,0.0,14.5,8,75,5,55057
2019-05-15,22,22,9,15,15,4,16,17,6,306,1013,9,0.6,0.0,13.5,11,80,4,55057
2019-05-16,24,24,14,19,19,5,20,21,11,262,1007,18,5.4,0.0,9.3,16,84,5,55057
2019-05-17,15,15,4,9,9,5,11,12,10,98,1012,15,2.0,0.0,12.4,8,75,3,55057
2019-05-18,15,15,7,8,8,4,11,12,11,100,1009,16,6.3,0.0,9.3,8,91,3,55057
2019-05-19,11,11,5,5,5,4,8,10,13,158,1003,19,41.7,0.0,9.3,8,96,3,55057
2019-05-20,14,14,4,7,7,5,9,10,8,236,1019,11,0.4,0.0,12.4,4,77,2,55057
2019-05-21,12,12,6,7,7,6,9,10,13,104,1019,19,2.6,0.0,12.4,4,75,3,55057
2019-05-22,21,21,7,12,12,5,15,16,15,179,1007,22,4.7,0.0,12.4,12,85,4,55057
2019-05-23,17,17,9,12,12,5,13,14,10,289,1015,15,0.6,0.0,14.5,10,83,3,55057
2019-05-24,17,17,9,12,12,3,13,13,9,133,1017,14,44.7,0.0,9.4,12,95,3,55057
2019-05-25,23,23,15,19,19,4,19,21,9,261,1011,13,0.8,0.0,14.5,16,83,6,55057
2019-05-26,21,21,10,16,16,4,17,17,4,172,1017,7,0.0,0.0,14.5,11,78,5,55057
2019-05-27,14,14,10,10,10,4,12,12,10,97,1011,16,45.2,0.0,9.4,12,94,3,55057
2019-05-28,17,17,10,12,12,6,13,14,7,55,1009,10,1.3,0.0,9.4,11,88,3,55057
2019-05-29,15,15,9,11,11,4,12,13,3,192,1008,5,0.1,0.0,11.5,11,88,3,55057
2019-05-30,24,24,13,19,19,6,20,20,4,341,1007,6,0.1,0.0,13.5,14,78,5,55057
2019-05-31,27,27,14,20,21,6,21,22,8,253,1008,13,0.4,0.0,14.5,17,82,5,55057
2019-06-01,16,16,13,15,15,5,16,16,6,59,1009,10,6.9,0.0,9.5,14,92,4,55057
2019-06-02,19,19,8,13,13,6,14,15,7,312,1015,11,0.0,0.0,14.5,7,70,3,55057
2019-06-03,22,22,6,14,14,5,15,16,7,190,1018,11,2.3,0.0,12.5,11,81,4,55057
2019-06-04,23,23,13,19,19,4,20,20,10,213,1010,15,5.1,0.0,10.5,17,89,5,55057
2019-06-05,26,26,16,21,23,5,23,23,5,114,1006,8,9.1,0.0,12.5,18,85,5,55057
2019-06-06,23,23,16,19,19,2,20,20,4,132,1012,6,0.3,0.0,10.5,17,89,4,55057
2019-06-07,26,26,15,21,21,4,22,22,6,133,1015,10,0.0,0.0,14.5,16,82,6,55057
2019-06-08,25,25,13,19,19,5,20,21,8,114,1017,12,0.0,0.0,14.5,15,80,6,55057
2019-06-09,24,24,15,18,18,10,19,20,6,185,1016,11,6.1,0.0,9.5,15,84,5,55057
2019-06-10,20,20,10,15,15,6,15,17,11,308,1020,16,0.8,0.0,13.5,10,73,4,55057
2019-06-11,20,20,10,15,15,8,15,17,5,249,1019,9,13.5,0.0,11.5,13,84,4,55057
2019-06-12,16,16,11,13,13,7,14,15,6,109,1013,10,29.3,0.0,9.5,13,93,3,55057
2019-06-13,19,19,5,12,12,12,13,15,8,334,1015,13,0.1,0.0,14.5,7,72,4,55057
2019-06-14,20,20,10,14,14,12,14,16,12,214,1009,21,1.9,0.0,10.5,12,83,4,55057
2019-06-15,20,20,12,15,15,7,16,18,8,91,1007,11,2.6,0.0,9.6,15,92,4,55057
2019-06-16,15,15,8,9,9,12,11,11,7,71,1013,11,1.5,0.0,9.6,9,87,3,55057
2019-06-17,22,22,8,15,15,11,16,17,4,158,1015,6,0.1,0.0,14.5,12,83,5,55057
2019-06-18,21,21,14,18,18,11,19,19,6,281,1013,10,3.5,0.0,10.5,16,91,4,55057
2019-06-19,21,21,12,16,16,4,16,17,4,54,1009,6,0.2,0.0,10.5,14,87,4,55057
2019-06-20,22,22,11,16,16,5,17,18,5,69,1009,8,0.9,0.0,13.5,13,80,4,55057
2019-06-21,22,22,12,16,16,6,17,19,8,123,1015,12,0.9,0.0,14.5,13,78,5,55057
2019-06-22,23,23,10,17,17,6,18,19,10,118,1017,15,0.3,0.0,12.5,13,77,4,55057
2019-06-23,23,23,17,20,20,3,21,21,7,161,1010,12,22.0,0.0,9.6,19,94,5,55057
2019-06-24,23,23,15,19,19,3,20,21,8,242,1001,14,10.5,0.0,11.5,17,91,5,55057
2019-06-25,26,26,13,19,21,5,21,22,10,255,1008,16,0.5,0.0,14.5,16,80,6,55057
2019-06-26,26,26,14,21,22,6,22,23,5,256,1016,9,0.1,0.0,14.5,16,76,6,55057
2019-06-27,29,29,17,23,25,5,25,25,6,164,1018,9,5.2,0.0,14.5,19,83,6,55057
2019-06-28,27,27,20,23,25,5,25,24,6,189,1017,9,43.2,0.0,10.5,21,91,5,55057
2019-06-29,29,29,18,24,26,4,26,26,3,114,1018,5,0.0,0.0,14.5,20,80,7,55057
2019-06-30,30,30,20,24,28,5,28,26,5,151,1015,8,1.5,0.0,11.5,22,90,6,55057
2019-07-01,28,28,18,22,24,3,24,24,4,220,1014,7,5.8,0.0,11.5,21,91,5,55057
2019-07-02,26,26,20,23,24,4,24,24,4,249,1011,6,8.4,0.0,9.5,21,91,5,55057
2019-07-03,28,28,19,23,24,3,24,25,6,116,1012,10,8.9,0.0,10.5,20,88,5,55057
2019-07-04,28,28,19,24,26,4,26,25,5,208,1012,9,10.9,0.0,9.5,21,89,6,55057
2019-07-05,29,29,20,24,26,4,26,25,5,340,1015,7,11.5,0.0,14.5,21,86,7,55057
2019-07-06,25,25,18,21,21,5,22,21,7,30,1018,11,10.3,0.0,10.5,18,87,5,55057
2019-07-07,24,24,13,19,19,5,19,20,4,22,1019,7,0.0,0.0,14.5,14,77,6,55057
2019-07-08,26,26,15,21,22,6,22,23,4,147,1017,6,0.0,0.0,14.5,17,79,6,55057
2019-07-09,27,27,15,21,23,5,23,23,8,172,1014,13,4.0,0.0,12.5,18,85,5,55057
2019-07-10,25,25,19,22,24,3,24,23,11,253,1011,16,4.3,0.0,12.5,19,85,5,55057
2019-07-11,24,24,16,20,20,5,21,21,8,352,1015,11,0.0,0.0,14.5,15,79,6,55057
2019-07-12,27,27,13,21,22,5,22,23,7,225,1013,11,8.4,0.0,14.5,17,80,6,55057
2019-07-13,28,28,19,23,25,4,25,25,5,223,1014,9,9.4,0.0,13.5,19,81,6,55057
2019-07-14,28,28,16,22,23,6,23,24,5,158,1018,8,2.0,0.0,14.5,18,78,6,55057
2019-07-15,28,28,20,23,26,5,26,24,9,225,1013,16,28.3,0.0,9.4,22,92,5,55057
2019-07-16,27,27,21,23,25,5,25,24,8,249,1011,11,7.5,0.0,10.4,22,89,5,55057
2019-07-17,29,29,19,24,26,4,26,26,6,130,1012,9,6.3,0.0,12.5,21,86,6,55057
2019-07-18,31,31,21,25,29,5,29,27,10,214,1006,17,25.6,0.0,9.4,23,90,6,55057
2019-07-19,32,32,24,28,33,5,33,29,7,212,1005,11,16.5,0.0,12.5,25,88,6,55057
2019-07-20,25,25,20,24,27,3,27,23,8,18,1009,15,71.5,0.0,9.4,23,95,5,55057
2019-07-21,26,26,15,20,20,6,21,22,6,124,1016,10,0.3,0.0,13.5,16,76,6,55057
2019-07-22,22,22,14,18,18,4,19,19,7,350,1020,11,0.0,0.0,14.5,14,78,5,55057
2019-07-23,24,24,15,19,19,5,20,21,9,329,1020,14,4.8,0.0,13.5,16,81,5,55057
2019-07-24,26,26,15,20,20,4,22,22,5,304,1020,9,4.0,0.0,12.4,17,82,5,55057
2019-07-25,26,26,16,21,22,5,22,23,7,215,1019,10,0.3,0.0,14.5,17,80,6,55057
2019-07-26,27,27,17,21,22,4,22,23,13,198,1017,21,2.9,0.0,9.3,18,82,5,55057
2019-07-27,27,27,20,23,25,5,25,25,10,272,1015,14,5.6,0.0,12.4,20,84,5,55057
2019-07-28,27,27,18,23,24,5,24,24,7,185,1013,12,19.4,0.0,12.4,20,87,5,55057
2019-07-29,24,24,17,20,20,5,21,21,11,300,1010,15,7.2,0.0,11.4,17,84,5,55057
2019-07-30,21,21,12,16,16,6,17,18,6,236,1018,10,0.1,0.0,14.5,13,80,5,55057
2019-07-31,24,24,11,18,18,6,19,19,2,60,1021,4,0.0,0.0,14.5,12,73,5,55057
2019-08-01,26,26,14,20,20,6,21,22,2,122,1022,4,0.0,0.0,14.5,15,75,6,55057
2019-08-02,27,27,16,22,23,5,23,24,3,143,1020,5,3.9,0.0,13.4,17,77,5,55057
2019-08-03,28,28,18,23,25,4,25,24,4,228,1018,7,6.2,0.0,12.4,19,82,5,55057
2019-08-04,29,29,18,23,24,6,24,25,3,297,1016,5,2.0,0.0,12.4,19,81,6,55057
2019-08-05,27,27,19,22,23,3,23,24,6,261,1012,11,50.5,0.0,11.3,20,90,5,55057
2019-08-06,26,26,16,21,22,4,22,22,7,335,1009,11,24.9,0.0,12.4,18,84,5,55057
2019-08-07,26,26,17,21,22,5,22,23,9,246,1008,15,11.3,0.0,12.4,19,86,5,55057
2019-08-08,22,22,14,18,18,6,19,19,9,301,1011,13,1.9,0.0,14.5,14,80,5,55057
2019-08-09,23,23,13,17,17,5,18,19,6,293,1014,10,0.0,0.0,14.5,14,80,5,55057
2019-08-10,24,24,15,19,19,6,20,20,3,198,1015,5,0.3,0.0,14.5,16,81,6,55057
2019-08-11,26,26,18,21,21,4,22,22,4,245,1014,7,7.4,0.0,8.8,20,93,5,55057
2019-08-12,24,24,17,20,20,3,20,21,4,107,1012,5,10.3,0.0,7.0,19,93,5,55057
2019-08-13,22,22,17,20,20,4,20,21,5,100,1011,6,1.9,0.0,7.0,18,88,5,55057
2019-08-14,20,20,14,16,16,5,17,16,4,45,1015,7,19.2,0.0,9.3,14,88,4,55057
2019-08-15,24,24,13,18,18,5,18,20,3,245,1016,6,0.9,0.0,9.3,14,80,5,55057
2019-08-16,23,23,16,18,18,5,19,19,10,240,1010,15,8.4,0.0,7.0,17,90,4,55057
2019-08-17,26,26,15,20,20,3,21,22,5,190,1010,8,0.0,0.0,11.6,16,81,6,55057
2019-08-18,26,26,19,22,23,5,23,23,8,258,1008,13,14.2,0.0,7.0,19,89,5,55057
2019-08-19,24,24,12,18,18,6,19,20,3,198,1016,5,0.0,0.0,11.6,13,75,5,55057
2019-08-20,28,28,15,21,23,6,23,23,6,196,1014,9,0.9,0.0,9.2,18,83,5,55057
2019-08-21,22,22,15,19,19,4,19,19,7,333,1015,11,1.6,0.0,11.6,15,79,5,55057
2019-08-22,22,22,13,17,17,6,17,19,3,104,1017,6,0.6,0.0,7.9,12,76,4,55057
2019-08-23,21,21,11,16,16,4,17,17,4,98,1023,7,0.1,0.0,9.1,12,78,4,55057
2019-08-24,22,22,10,16,16,4,17,18,6,129,1024,10,0.1,0.0,9.1,12,81,4,55057
2019-08-25,21,21,10,15,15,4,16,17,8,143,1018,12,0.4,0.0,7.9,13,85,4,55057
2019-08-26,19,19,14,16,16,4,17,17,6,101,1009,9,3.0,0.0,6.7,16,93,4,55057
2019-08-27,23,23,13,17,17,6,18,19,13,264,1007,19,0.8,0.0,11.6,12,74,4,55057
2019-08-28,20,20,13,15,15,6,16,17,14,281,1011,19,0.0,0.0,9.1,10,73,4,55057
2019-08-29,25,25,12,18,18,5,20,21,11,257,1011,18,0.0,0.0,10.4,13,76,5,55057
2019-08-30,21,21,9,15,15,6,16,17,6,336,1020,10,0.0,0.0,11.6,9,69,5,55057
2019-08-31,20,20,9,14,14,6,14,16,4,149,1025,6,0.0,0.0,10.3,9,74,4,55057
2019-09-01,24,24,11,17,17,6,17,19,5,209,1019,7,0.0,0.0,11.6,12,74,5,55057
2019-09-02,25,25,15,20,21,3,21,22,4,5,1017,8,1.2,0.0,7.8,17,84,5,55057
2019-09-03,26,26,16,21,22,5,22,24,14,270,1008,23,10.4,0.0,6.5,17,81,5,55057
2019-09-04,22,22,10,15,15,5,16,17,7,339,1019,10,0.0,0.0,11.6,10,73,5,55057
2019-09-05,23,23,9,16,16,6,17,18,7,185,1018,11,1.4,0.0,9.1,12,77,4,55057
2019-09-06,23,23,15,19,19,6,19,20,11,344,1014,16,0.0,0.0,10.3,14,77,4,55057
2019-09-07,21,21,13,16,16,4,17,18,7,350,1017,10,0.5,0.0,10.3,11,75,5,55057
2019-09-08,14,14,10,11,11,4,12,12,7,85,1020,10,0.9,0.0,6.5,9,81,3,55057
2019-09-09,20,20,11,15,15,4,16,16,10,123,1019,15,3.6,0.0,6.5,14,91,4,55057
2019-09-10,28,28,20,23,25,4,25,25,11,240,1014,19,17.1,0.0,6.4,20,86,5,55057
2019-09-11,19,19,13,18,18,4,18,19,8,79,1018,14,25.4,0.0,6.4,17,96,4,55057
2019-09-12,19,19,12,15,15,5,16,17,14,101,1017,20,18.6,0.0,6.4,16,93,4,55057
2019-09-13,17,17,12,15,15,5,16,16,12,262,1014,18,41.3,0.0,6.4,13,83,4,55057
2019-09-14,23,23,10,15,15,4,16,18,7,217,1019,12,0.3,0.0,11.6,12,82,4,55057
2019-09-15,0,0,0,18,18,1,18,0,1,0,1017,1,0.0,0.0,6.4,18,97,2,55057
2019-09-16,26,26,0,21,21,4,22,7,4,153,1018,7,0.0,0.0,11.6,18,84,3,55057
2019-09-17,27,27,16,21,22,5,22,22,9,165,1018,15,0.0,0.0,11.6,17,81,6,55057
2019-09-18,28,28,17,22,23,6,23,23,11,185,1016,17,0.2,0.0,9.0,19,85,5,55057
2019-09-19,26,26,18,21,22,4,22,23,9,210,1016,15,28.4,0.0,9.0,19,89,5,55057
2019-09-20,26,26,17,21,22,3,22,23,6,128,1017,9,0.2,0.0,11.6,19,89,6,55057
2019-09-21,23,23,19,21,21,6,23,22,12,194,1013,19,2.7,0.0,6.3,20,91,5,55057
2019-09-22,20,20,14,18,18,5,19,18,7,293,1009,11,12.2,0.0,6.1,17,94,4,55057
2019-09-23,21,21,10,14,14,4,15,17,9,283,1014,14,3.1,0.0,11.6,11,79,5,55057
2019-09-24,24,24,12,18,18,5,19,20,10,213,1009,15,6.3,0.0,10.2,15,84,5,55057
2019-09-25,19,19,13,16,16,5,17,17,13,289,1005,20,7.9,0.0,11.6,12,75,5,55057
2019-09-26,18,18,8,12,12,6,13,14,9,261,1011,15,0.1,0.0,11.6,7,66,4,55057
2019-09-27,16,16,12,13,13,4,14,14,8,169,1006,14,13.4,0.0,6.0,12,89,3,55057
2019-09-28,17,17,8,11,11,4,12,13,8,52,1020,12,0.0,0.0,11.6,8,78,4,55057
2019-09-29,14,14,10,9,9,5,12,11,12,93,1022,17,5.7,0.0,6.0,10,86,3,55057
2019-09-30,24,24,15,20,20,4,21,21,10,187,1013,17,17.5,0.0,5.9,20,95,5,55057
2019-10-01,22,22,14,19,19,4,20,20,9,213,1011,15,40.9,0.0,5.9,18,96,4,55057
2019-10-02,13,13,9,10,10,5,12,12,11,59,1016,14,14.0,0.0,5.9,10,89,3,55057
2019-10-03,12,12,7,8,8,5,10,11,11,297,1019,15,4.8,0.0,7.2,7,83,3,55057
2019-10-04,14,14,3,6,6,4,8,9,6,90,1029,9,0.0,0.0,11.4,4,79,3,55057
2019-10-05,11,11,6,6,6,5,9,9,12,147,1016,19,35.7,0.0,5.7,8,91,2,55057
2019-10-06,16,16,7,9,9,6,11,13,12,251,1015,19,0.3,0.0,11.3,6,74,4,55057
2019-10-07,16,16,9,11,11,6,12,13,8,285,1020,14,0.0,0.0,11.3,5,67,4,55057
2019-10-08,18,18,7,11,11,6,12,14,9,189,1021,15,0.0,0.0,11.2,7,76,4,55057
2019-10-09,18,18,8,11,11,6,13,15,10,168,1018,17,0.0,0.0,11.2,8,73,4,55057
2019-10-10,18,18,11,14,14,5,15,16,11,140,1014,16,2.6,0.0,8.6,11,80,4,55057
2019-10-11,13,13,2,6,6,5,9,8,15,253,1009,19,1.7,0.0,8.6,5,76,2,55057
2019-10-12,7,7,-1,-3,-3,4,2,3,16,234,1009,21,1.3,0.4,7.1,-4,67,1,55057
2019-10-13,5,5,0,-3,-3,5,2,3,12,270,1009,16,1.0,0.9,5.5,-2,79,1,55057
2019-10-14,9,9,-2,0,0,4,3,5,7,261,1016,11,0.0,0.0,11.1,-1,77,2,55057
2019-10-15,11,11,3,3,3,6,7,9,13,244,1010,19,1.4,0.0,5.5,4,84,2,55057
2019-10-16,9,9,5,3,3,6,7,7,13,329,1015,18,0.1,0.0,7.0,2,73,2,55057
2019-10-17,12,12,2,5,5,6,7,8,4,308,1017,7,0.0,0.0,11.0,1,72,3,55057
2019-10-18,14,14,3,5,5,6,8,10,12,157,1012,19,0.0,0.0,10.9,4,75,2,55057
2019-10-19,11,11,7,8,8,4,9,10,8,249,1007,13,3.8,0.0,5.5,7,84,3,55057
2019-10-20,17,17,5,10,10,5,11,12,5,160,1011,9,0.0,0.0,10.9,5,71,4,55057
2019-10-21,16,16,9,9,9,5,12,13,15,184,998,23,21.0,0.0,5.4,7,74,3,55057
2019-10-22,0,0,2,2,2,6,6,0,15,0,1006,25,0.0,0.0,5.4,1,80,2,55057
2019-10-23,9,9,1,2,2,6,5,6,9,270,1011,13,1.4,0.0,8.5,1,75,2,55057
2019-10-24,6,6,1,1,1,5,3,4,7,287,1025,10,0.1,0.0,10.8,-1,73,2,55057
2019-10-25,9,9,-1,1,1,6,4,5,6,232,1026,10,0.0,0.0,10.7,-3,66,2,55057
2019-10-26,9,9,0,2,2,6,4,6,7,147,1015,12,0.0,0.0,8.5,-1,67,2,55057
2019-10-27,11,11,1,3,3,5,6,7,8,286,1011,11,0.0,0.0,8.7,2,78,3,55057
2019-10-28,5,5,0,-1,-1,5,3,3,8,300,1019,10,0.2,0.0,8.7,-5,59,2,55057
2019-10-29,4,4,-5,-3,-3,5,0,1,5,294,1024,8,1.3,1.2,8.7,-5,70,2,55057
2019-10-30,3,3,-5,-3,-3,5,0,1,6,231,1026,8,0.1,0.0,3.8,-9,53,1,55057
2019-10-31,3,3,-4,-6,-6,5,-1,0,10,334,1018,14,0.5,0.3,5.4,-9,53,1,55057
2019-11-01,4,4,-4,-4,-4,4,0,2,8,242,1019,13,0.8,0.6,3.8,-4,73,1,55057
2019-11-02,2,2,-3,-5,-5,3,0,1,10,285,1020,14,2.4,2.1,3.8,-3,86,1,55057
2019-11-03,7,7,-3,-1,-1,6,2,3,7,167,1016,11,0.0,0.0,7.1,-3,76,2,55057
2019-11-04,4,4,0,-1,-1,5,3,4,10,287,1014,14,7.0,0.1,3.8,0,82,1,55057
2019-11-05,1,1,-5,-7,-7,6,-2,-1,9,287,1025,13,0.0,0.0,8.7,-11,51,2,55057
2019-11-06,0,0,-5,-5,-5,3,-2,-1,5,218,1029,8,8.8,7.3,3.8,-6,79,1,55057
2019-11-07,-5,-5,-10,-13,-13,6,-8,-7,8,300,1034,13,0.0,0.0,8.7,-10,81,2,55057
2019-11-08,-4,-4,-11,-12,-12,6,-8,-7,7,199,1030,11,0.0,0.0,5.4,-11,77,1,55057
2019-11-09,3,3,-5,-6,-6,4,-1,-1,9,265,1014,14,0.2,0.0,8.7,-3,86,1,55057
2019-11-10,1,1,-4,-5,-5,5,-1,-1,8,236,1020,12,0.2,0.0,3.7,-4,80,1,55057
2019-11-11,-7,-7,-10,-15,-15,6,-7,-7,13,340,1031,16,0.0,0.0,7.0,-16,52,1,55057
2019-11-12,-7,-7,-13,-17,-17,6,-10,-10,10,281,1033,13,0.0,0.0,8.7,-21,42,2,55057
2019-11-13,-6,-6,-10,-14,-14,4,-8,-8,11,206,1020,14,1.0,0.8,3.7,-11,75,1,55057
2019-11-14,-3,-3,-10,-10,-10,4,-6,-5,8,278,1024,11,0.1,0.1,8.7,-7,87,2,55057
2019-11-15,2,2,-5,-5,-5,6,-1,0,5,216,1028,9,0.0,0.0,3.7,-3,88,1,55057
2019-11-16,3,3,-3,-5,-5,6,0,1,10,155,1027,15,0.0,0.0,5.3,-3,82,1,55057
2019-11-17,2,2,-2,-4,-4,5,0,1,8,210,1015,13,1.7,0.0,3.7,-2,87,1,55057
2019-11-18,3,3,-3,-3,-3,4,-1,1,4,281,1009,6,0.0,0.0,7.0,-3,84,1,55057
2019-11-19,2,2,-2,-2,-2,2,0,1,3,213,1010,6,1.9,0.0,3.5,-1,94,1,55057
2019-11-20,6,6,0,0,0,4,3,4,7,149,1018,11,0.0,0.0,5.2,1,91,1,55057
2019-11-21,10,10,-3,0,0,5,4,7,15,285,1009,22,25.1,0.0,3.5,3,88,2,55057
2019-11-22,2,2,-5,-7,-7,6,-2,-1,8,284,1022,10,0.0,0.0,8.7,-9,63,2,55057
2019-11-23,3,3,-4,-5,-5,6,-1,0,9,254,1010,14,0.0,0.0,8.7,-9,54,2,55057
2019-11-24,5,5,-1,-1,-1,6,2,3,7,257,1003,13,0.2,0.0,5.2,-1,81,1,55057
2019-11-25,7,7,0,-1,-1,6,3,5,8,256,1002,15,0.0,0.0,6.9,-1,79,1,55057
2019-11-26,3,3,-1,-3,-3,5,1,1,8,74,1008,12,4.9,0.0,3.4,-2,84,1,55057
2019-11-27,-1,-1,-3,-9,-9,3,-2,-1,18,312,1019,25,0.4,6.9,3.4,-5,82,1,55057
2019-11-28,1,1,-4,-6,-6,6,-2,-1,6,53,1033,9,0.0,0.0,8.7,-6,76,2,55057
2019-11-29,1,1,-2,-4,-4,4,0,0,7,109,1029,9,1.2,0.6,3.4,-2,90,1,55057
2019-11-30,1,1,0,-6,-6,0,0,0,18,103,1010,26,16.9,6.3,3.4,-1,95,1,55057
2019-12-01,-1,-1,-4,-8,-8,1,-2,-1,15,16,1002,22,22.9,11.5,3.4,-2,95,1,55057
2019-12-02,-2,-2,-11,-11,-11,5,-6,-6,7,323,1019,12,0.1,0.1,8.7,-8,90,2,55057
2019-12-03,0,0,-5,-8,-8,6,-3,-2,10,268,1007,16,0.0,0.0,6.9,-4,91,1,55057
2019-12-04,0,0,-2,-7,-7,6,-1,-1,14,300,1007,20,0.1,0.0,3.4,-3,89,1,55057
2019-12-05,2,2,-4,-4,-4,3,-1,-1,5,183,1015,9,0.0,0.0,5.2,-2,95,1,55057
2019-12-06,-3,-3,-9,-9,-9,6,-4,-4,9,326,1027,12,0.0,0.0,8.7,-6,82,2,55057
2019-12-07,1,1,-4,-6,-6,6,-2,-1,9,198,1023,14,0.0,0.0,6.9,-5,78,1,55057
2019-12-08,3,3,0,-3,-3,4,1,2,10,252,1010,17,0.0,0.0,6.9,-2,82,1,55057
2019-12-09,1,1,-9,-7,-7,2,-2,0,11,223,1004,15,4.3,0.9,3.4,-3,93,1,55057
2019-12-10,-14,-14,-16,-23,-23,5,-14,-15,12,281,1023,14,0.3,0.3,6.9,-17,83,1,55057
2019-12-11,-14,-14,-19,-23,-23,6,-16,-16,8,290,1032,11,0.0,0.0,8.7,-18,79,2,55057
2019-12-12,0,0,-10,-10,-10,2,-5,-3,9,195,1022,14,11.7,9.2,3.4,-6,84,1,55057
2019-12-13,-4,-4,-10,-9,-9,5,-6,-7,3,255,1015,5,0.0,0.0,5.1,-7,90,1,55057
2019-12-14,-6,-6,-14,-15,-15,5,-9,-8,10,303,1011,14,0.5,0.3,3.4,-10,90,1,55057
2019-12-15,0,0,-17,-17,-17,6,-13,0,4,0,1023,7,0.0,0.0,6.9,-13,84,2,55057
2019-12-16,-6,-6,-13,-14,-14,5,-9,-9,6,270,1023,8,0.0,0.0,5.1,-10,91,1,55057
2019-12-17,-7,-7,-10,-15,-15,5,-9,-8,10,278,1021,15,0.2,0.1,5.1,-10,90,1,55057
2019-12-18,-12,-12,-21,-21,-21,6,-16,-16,6,268,1028,10,0.1,0.1,8.7,-19,74,2,55057
2019-12-19,-2,-2,-10,-10,-10,5,-5,-4,7,236,1024,11,0.1,0.0,3.4,-8,85,1,55057
2019-12-20,1,1,-5,-7,-7,6,-2,-2,9,166,1027,15,0.0,0.0,5.1,-4,90,1,55057
2019-12-21,2,2,-5,-5,-5,5,-1,-1,8,223,1025,14,0.0,0.0,8.7,-3,86,2,55057
2019-12-22,4,4,0,-2,-2,6,2,2,9,221,1020,16,0.0,0.0,8.7,0,87,2,55057
2019-12-23,1,1,-3,-3,-3,6,0,0,7,135,1018,12,0.0,0.0,6.9,-2,84,1,55057
2019-12-24,4,4,-1,-2,-2,6,1,2,7,161,1015,12,0.0,0.0,3.4,0,92,1,55057
2019-12-25,5,5,2,1,1,2,3,3,4,148,1010,9,0.0,0.0,3.4,2,95,1,55057
2019-12-26,4,4,-1,-1,-1,4,2,2,8,271,1013,13,0.0,0.0,5.1,1,90,1,55057
2019-12-27,0,0,-3,-6,-6,6,-2,-1,8,273,1024,10,0.0,0.0,6.9,-5,79,2,55057
2019-12-28,1,1,-4,-4,-4,4,0,0,9,109,1019,15,11.1,0.0,3.4,-2,86,1,55057
2019-12-29,8,8,2,3,3,4,6,8,9,174,1000,16,25.3,0.0,5.1,5,94,2,55057
2019-12-30,0,0,-4,-6,-6,1,0,0,13,267,995,19,16.9,8.6,3.4,-1,94,1,55057
2019-12-31,-5,-5,-10,-14,-14,4,-7,-6,14,295,1006,19,6.6,2.1,5.1,-8,88,1,55057
2020-01-01,2,2,-10,-9,-9,6,-4,-3,10,208,1003,17,0.0,0.0,6.9,-6,84,1,55057
2020-01-02,2,2,1,-2,-2,5,2,2,9,254,999,15,0.0,0.0,3.4,1,94,1,55057
2020-01-03,1,1,-3,-4,-4,6,-1,-1,5,289,1011,8,0.0,0.0,5.2,-3,88,1,55057
2020-01-04,-3,-3,-6,-9,-9,5,-4,-4,8,296,1018,11,0.1,0.1,8.7,-6,84,2,55057
2020-01-05,2,2,-5,-8,-8,4,-2,0,15,268,1013,22,0.3,0.0,3.4,-4,83,1,55057
2020-01-06,1,1,-4,-7,-7,6,-2,-2,11,261,1019,18,0.0,0.0,8.7,-7,70,2,55057
2020-01-07,-2,-2,-8,-10,-10,5,-3,-3,14,285,1016,20,0.2,0.1,5.2,-7,78,1,55057
2020-01-08,-10,-10,-17,-19,-19,6,-13,-13,10,165,1029,13,0.0,0.0,8.7,-18,63,2,55057
2020-01-09,4,4,-7,-7,-7,5,-1,0,14,170,1014,22,2.4,0.0,3.4,-4,79,1,55057
2020-01-10,-3,-3,-9,-8,-8,5,-3,-4,10,344,1021,12,0.4,0.0,6.9,-6,80,2,55057
2020-01-11,-7,-7,-8,-15,-15,6,-7,-7,14,32,1022,17,0.0,0.1,8.7,-11,74,2,55057
2020-01-12,-6,-6,-11,-12,-12,5,-8,-8,6,114,1026,8,0.2,0.0,3.4,-10,85,1,55057
2020-01-13,-2,-2,-7,-7,-7,4,-4,-4,5,179,1024,8,3.3,2.8,8.7,-5,92,2,55057
2020-01-14,1,1,-8,-7,-7,4,-2,0,9,255,1019,14,4.8,4.1,3.4,-3,92,1,55057
2020-01-15,-3,-3,-10,-11,-11,3,-6,-5,9,165,1023,12,2.9,2.2,5.2,-7,91,1,55057
2020-01-16,-13,-13,-19,-25,-25,6,-16,-16,12,318,1042,15,0.0,0.0,8.7,-18,85,2,55057
2020-01-17,-5,-5,-16,-16,-16,5,-10,-10,11,140,1037,15,2.8,0.0,5.2,-11,88,1,55057
2020-01-18,-2,-2,-16,-15,-15,0,-7,-5,16,288,1011,22,15.5,12.9,3.5,-8,92,1,55057
2020-01-19,-10,-10,-17,-22,-22,4,-14,-13,13,306,1028,19,0.3,0.1,3.5,-15,92,1,55057
2020-01-20,-6,-6,-13,-15,-15,3,-11,-9,5,335,1038,9,0.0,0.0,3.5,-12,93,1,55057
2020-01-21,-6,-6,-15,-17,-17,4,-11,-10,10,221,1033,16,0.0,0.0,8.7,-12,90,2,55057
2020-01-22,-1,-1,-6,-9,-9,4,-3,-2,13,198,1019,20,1.4,0.1,3.5,-4,91,1,55057
2020-01-23,0,0,-4,-6,-6,1,-3,-2,5,113,1018,8,8.9,7.7,3.5,-3,98,1,55057
2020-01-24,1,1,-4,-4,-4,3,-1,0,6,42,1015,10,4.5,2.6,4.9,-1,99,1,55057
2020-01-25,0,0,-8,-5,-5,2,0,0,9,306,1012,13,4.3,3.7,4.9,0,98,1,55057
2020-01-26,-1,-1,-3,-6,-6,5,-2,-1,8,284,1014,11,0.3,0.2,4.9,-2,94,1,55057
2020-01-27,0,0,-4,-5,-5,3,-2,-2,4,344,1017,7,0.8,0.5,4.9,-3,95,1,55057
2020-01-28,-4,-4,-7,-8,-8,4,-5,-5,5,328,1021,7,0.9,0.6,4.9,-6,94,1,55057
2020-01-29,-4,-4,-8,-7,-7,4,-6,-6,2,74,1024,3,0.4,0.3,4.9,-7,92,1,55057
2020-01-30,-3,-3,-10,-8,-8,4,-6,-6,3,175,1024,5,0.1,0.0,4.9,-7,94,1,55057
2020-01-31,-1,-1,-5,-6,-6,4,-3,-3,5,182,1021,7,0.5,0.3,5.0,-4,96,1,55057
2020-02-01,0,0,-6,-7,-7,5,-2,-2,9,263,1011,14,0.5,0.4,5.0,-3,94,1,55057
2020-02-02,4,4,1,-3,-3,6,2,3,15,284,1001,25,0.0,0.0,8.3,1,90,1,55057
2020-02-03,1,1,-2,-5,-5,4,-1,0,8,125,1011,11,0.0,0.0,9.9,-3,84,2,55057
2020-02-04,-5,-5,-8,-12,-12,6,-6,-7,10,234,1023,13,0.0,0.0,6.7,-11,71,1,55057
2020-02-05,-4,-4,-10,-8,-8,6,-7,-7,2,165,1022,3,0.0,0.0,10.0,-10,77,2,55057
2020-02-06,-2,-2,-7,-6,-6,6,-5,-5,2,133,1009,3,0.0,0.0,10.1,-9,75,2,55057
2020-02-07,-2,-2,-7,-8,-8,6,-5,-4,4,318,1010,6,0.0,0.0,6.7,-8,80,1,55057
2020-02-08,-4,-4,-9,-11,-11,4,-7,-6,5,205,1021,7,1.2,1.0,5.1,-8,87,1,55057
2020-02-09,-2,-2,-9,-11,-11,2,-6,-4,7,79,1019,11,23.9,20.1,5.1,-7,94,1,55057
2020-02-10,-3,-3,-14,-13,-13,4,-9,-8,7,231,1022,11,0.0,0.0,10.2,-10,91,2,55057
2020-02-11,-4,-4,-11,-14,-14,5,-8,-7,10,276,1021,16,0.0,0.0,8.3,-9,92,1,55057
2020-02-12,1,1,-8,-8,-8,4,-3,-2,12,223,1014,20,1.9,0.9,8.4,-5,90,1,55057
2020-02-13,-16,-16,-22,-27,-27,4,-17,-17,12,323,1027,17,3.2,1.5,5.1,-19,89,1,55057
2020-02-14,-12,-12,-27,-27,-27,4,-20,-19,9,198,1033,14,0.0,0.0,10.3,-21,87,2,55057
2020-02-15,-1,-1,-13,-13,-13,4,-6,-5,14,239,1017,21,1.0,0.6,5.1,-8,87,1,55057
2020-02-16,-4,-4,-11,-10,-10,6,-7,-7,5,242,1021,8,0.0,0.0,5.4,-9,86,1,55057
2020-02-17,0,0,-8,-8,-8,3,-3,-3,8,130,1015,13,10.9,7.7,5.4,-4,97,1,55057
2020-02-18,-5,-5,-12,-13,-13,4,-6,-7,13,295,1022,18,7.4,7.1,6.9,-8,91,1,55057
2020-02-19,-11,-11,-19,-23,-23,6,-16,-15,7,298,1039,12,0.0,0.0,8.5,-17,89,1,55057
2020-02-20,-11,-11,-23,-24,-24,3,-17,-16,7,286,1043,12,0.0,0.0,10.1,-18,92,1,55057
2020-02-21,0,0,-17,-15,-15,6,-8,-6,13,227,1030,22,0.0,0.0,10.9,-11,80,2,55057
2020-02-22,1,1,-7,-8,-8,6,-3,-2,9,223,1020,16,0.0,0.0,7.0,-4,93,1,55057
2020-02-23,2,2,-2,-5,-5,6,0,0,10,267,1013,16,0.0,0.0,8.5,-1,92,1,55057
2020-02-24,1,1,-4,-5,-5,4,-1,-1,6,20,1016,10,0.0,0.0,10.1,-3,90,1,55057
2020-02-25,0,0,-3,-7,-7,5,-2,-2,12,34,1020,16,0.4,0.3,5.5,-4,83,1,55057
2020-02-26,-3,-3,-7,-11,-11,5,-5,-4,13,349,1023,16,0.3,0.3,5.5,-8,77,1,55057
2020-02-27,-6,-6,-10,-14,-14,5,-8,-8,8,312,1022,11,0.3,0.1,7.0,-11,83,1,55057
2020-02-28,-6,-6,-11,-15,-15,6,-9,-8,9,317,1021,13,0.0,0.0,11.1,-11,81,2,55057
2020-02-29,-1,-1,-12,-11,-11,6,-6,-6,7,210,1021,12,0.0,0.0,11.1,-9,84,2,55057
2020-03-01,4,4,-2,-3,-3,6,1,2,11,230,1008,18,0.0,0.0,5.6,0,93,1,55057
2020-03-02,2,2,-3,-5,-5,6,-1,-1,9,280,1009,12,0.0,0.0,11.2,-3,84,2,55057
2020-03-03,2,2,-3,-5,-5,4,0,1,12,276,1003,17,2.8,1.6,5.6,-2,85,1,55057
2020-03-04,2,2,-4,-6,-6,6,-1,-1,9,298,1014,13,0.0,0.0,11.2,-6,71,2,55057
2020-03-05,3,3,-2,-4,-4,2,1,2,16,265,1012,24,6.9,2.6,5.6,-1,88,1,55057
2020-03-06,1,1,-6,-8,-8,5,-3,-3,11,354,1031,15,0.9,0.0,11.3,-7,73,2,55057
2020-03-07,9,9,-3,-2,-2,6,2,4,13,196,1026,21,0.0,0.0,11.3,-3,67,2,55057
2020-03-08,14,14,5,5,5,6,8,9,15,205,1016,26,0.0,0.0,11.4,5,77,3,55057
2020-03-09,10,10,2,4,4,5,7,7,10,328,1013,16,13.9,0.0,5.9,5,89,2,55057
2020-03-10,7,7,-4,-1,-1,5,2,2,6,192,1022,9,0.4,0.0,11.6,-4,67,2,55057
2020-03-11,8,8,2,2,2,4,4,5,5,179,1016,7,6.4,0.0,8.8,2,86,1,55057
2020-03-12,9,9,3,1,1,4,5,7,15,234,1006,23,19.1,0.0,5.9,3,86,2,55057
2020-03-13,4,4,-2,-6,-6,5,0,1,17,295,1022,22,0.1,0.1,10.2,-9,52,2,55057
2020-03-14,2,2,-2,-4,-4,6,-1,0,7,49,1036,9,0.0,0.0,7.4,-7,63,1,55057
2020-03-15,5,5,-3,-4,-4,6,0,1,6,101,1038,9,0.0,0.0,11.6,-7,62,2,55057
2020-03-16,4,4,-2,-3,-3,6,1,2,8,237,1025,11,0.0,0.0,6.0,-2,80,1,55057
2020-03-17,7,7,-4,-2,-2,6,1,2,9,284,1024,12,0.0,0.0,11.6,-6,59,2,55057
2020-03-18,3,3,1,-1,-1,4,2,2,8,131,1021,11,0.8,0.0,6.0,0,84,1,55057
2020-03-19,5,5,2,0,0,3,3,4,8,110,1013,13,30.7,0.0,6.0,3,97,1,55057
2020-03-20,2,2,-4,-7,-7,5,-1,-1,15,343,1025,20,0.5,0.0,7.4,-5,72,1,55057
2020-03-21,2,2,-6,-7,-7,6,-3,-2,7,120,1036,9,0.0,0.0,10.2,-11,53,1,55057
2020-03-22,5,5,-4,-5,-5,4,0,1,10,148,1029,14,1.8,1.4,8.9,-5,71,1,55057
2020-03-23,6,6,-2,-1,-1,6,2,3,5,245,1022,7,0.1,0.0,6.3,0,86,1,55057
2020-03-24,9,9,2,2,2,5,4,5,6,147,1019,9,0.0,0.0,6.3,1,82,2,55057
2020-03-25,9,9,2,3,3,4,6,6,9,202,1010,14,6.5,0.0,6.3,4,88,2,55057
2020-03-26,9,9,3,4,4,4,6,7,5,68,1011,7,7.6,0.0,6.3,4,86,2,55057
2020-03-27,12,12,1,4,4,4,6,7,8,106,1013,11,0.1,0.0,11.6,2,78,3,55057
2020-03-28,8,8,3,3,3,4,6,7,14,85,1005,20,14.5,0.0,6.4,6,93,2,55057
2020-03-29,7,7,3,2,2,5,6,6,12,295,999,19,11.6,0.0,6.4,5,91,2,55057
2020-03-30,11,11,1,2,2,6,5,6,10,348,1021,15,0.0,0.0,11.6,1,74,3,55057
2020-03-31,6,6,-1,0,0,6,3,3,6,54,1021,9,0.0,0.0,6.4,-2,72,1,55057
2020-04-01,8,8,-1,2,2,5,4,5,6,125,1019,8,0.0,0.0,9.0,0,79,1,55057
2020-04-02,14,14,2,5,5,5,8,8,10,138,1019,16,0.0,0.0,9.0,4,78,2,55057
2020-04-03,9,9,-1,3,3,4,6,8,9,203,1018,13,7.7,0.0,6.5,4,89,2,55057
2020-04-04,6,6,-6,-5,-5,6,0,0,9,330,1023,13,0.0,0.0,11.6,-4,80,2,55057
2020-04-05,13,13,-1,4,4,6,5,7,5,177,1022,7,0.0,0.0,11.6,-1,67,3,55057
2020-04-06,11,11,2,4,4,5,7,7,7,159,1016,11,0.2,0.0,7.8,3,77,2,55057
2020-04-07,18,18,9,12,12,3,13,15,7,237,1005,10,1.4,0.0,6.5,11,90,3,55057
2020-04-08,14,14,6,8,8,5,10,11,7,304,1006,12,4.0,0.0,7.8,5,73,3,55057
2020-04-09,6,6,0,-2,-2,5,3,4,16,311,1010,22,0.2,0.0,7.8,-7,50,1,55057
2020-04-10,7,7,-2,-1,-1,6,3,4,10,296,1016,14,0.0,0.0,9.1,-6,52,1,55057
2020-04-11,14,14,0,5,5,6,7,9,6,208,1009,9,0.0,0.0,9.1,1,65,2,55057
2020-04-12,6,6,0,-1,-1,2,4,3,13,40,1005,18,16.4,3.4,6.6,3,93,1,55057
2020-04-13,0,0,-4,-9,-9,2,-2,-2,17,296,1012,23,11.6,0.1,9.1,-4,89,1,55057
2020-04-14,0,0,-8,-10,-10,5,-4,-3,12,271,1020,16,1.1,0.8,6.6,-9,69,1,55057
2020-04-15,1,1,-6,-7,-7,6,-2,-1,8,304,1020,11,0.0,0.0,11.6,-12,50,2,55057
2020-04-16,5,5,-5,-5,-5,6,-1,1,9,294,1025,12,0.0,0.0,11.6,-10,53,2,55057
2020-04-17,8,8,-1,0,0,6,2,5,6,278,1018,9,0.1,0.0,7.9,-6,56,1,55057
2020-04-18,14,14,-1,4,4,6,7,9,13,229,1008,19,1.6,0.0,11.6,2,72,3,55057
2020-04-19,10,10,2,3,3,5,6,7,9,325,1010,13,2.6,0.0,11.6,0,70,3,55057
2020-04-20,13,13,0,2,2,5,6,9,13,263,1005,20,3.4,0.0,6.7,0,67,2,55057
2020-04-21,7,7,-3,-2,-2,6,2,3,10,310,1014,14,0.2,0.0,10.4,-10,44,2,55057
2020-04-22,7,7,0,0,0,4,4,5,10,124,1012,14,5.8,1.4,6.7,2,91,1,55057
2020-04-23,9,9,3,2,2,6,5,6,8,77,1008,12,0.3,0.0,6.8,3,90,2,55057
2020-04-24,15,15,-1,5,5,6,7,9,6,75,1013,9,0.2,0.0,9.2,2,72,2,55057
2020-04-25,15,15,4,7,7,6,9,11,5,75,1016,8,0.0,0.0,13.6,4,72,4,55057
2020-04-26,17,17,3,9,9,6,10,11,4,114,1020,7,0.2,0.0,13.3,4,68,4,55057
2020-04-27,17,17,7,9,9,4,10,11,9,233,1014,15,12.3,0.0,9.0,8,83,3,55057
2020-04-28,16,16,9,11,11,5,12,14,9,162,1006,15,13.0,0.0,11.2,11,89,3,55057
2020-04-29,12,12,8,5,5,5,9,9,18,3,1006,25,4.7,0.0,9.1,6,83,2,55057
2020-04-30,15,15,6,7,7,6,10,11,13,345,1011,18,0.0,0.0,14.5,4,70,4,55057
2020-05-01,18,18,5,10,10,6,11,13,8,173,1013,13,0.0,0.0,12.3,7,76,3,55057
2020-05-02,19,19,13,15,15,6,16,17,13,289,1010,19,0.2,0.0,13.4,10,72,5,55057
2020-05-03,17,17,8,11,11,6,12,14,11,296,1015,16,0.0,0.0,14.5,5,62,4,55057
2020-05-04,13,13,3,5,5,6,8,9,8,102,1021,12,0.0,0.0,13.4,1,66,2,55057
2020-05-05,10,10,3,3,3,6,6,7,7,88,1018,10,0.0,0.0,9.1,0,62,2,55057
2020-05-06,16,16,4,8,8,6,10,12,8,318,1018,12,2.0,0.0,13.4,4,69,3,55057
2020-05-07,13,13,4,6,6,6,8,10,9,316,1016,14,0.0,0.0,14.5,0,57,3,55057
2020-05-08,7,7,-1,-1,-1,6,3,4,11,344,1021,15,0.0,0.0,14.5,-9,44,2,55057
2020-05-09,13,13,-2,3,3,6,6,8,8,261,1019,12,1.3,0.0,12.4,-3,56,2,55057
2020-05-10,7,7,1,0,0,4,4,4,11,229,1018,15,9.6,2.6,9.2,2,87,1,55057
2020-05-11,11,11,-3,2,2,6,5,6,8,298,1023,12,0.2,0.0,13.4,-2,67,2,55057
2020-05-12,12,12,-1,4,4,6,7,8,5,319,1023,8,0.0,0.0,14.5,-4,52,3,55057
2020-05-13,15,15,2,6,6,5,8,11,11,150,1021,16,0.7,0.0,12.4,1,62,3,55057
2020-05-14,21,21,10,14,14,4,16,17,7,235,1008,11,21.6,0.0,9.3,13,91,4,55057
2020-05-15,19,19,9,13,13,4,14,15,7,237,1013,11,0.0,0.0,13.5,10,78,4,55057
2020-05-16,13,13,3,8,8,3,9,11,7,80,1014,11,12.0,0.0,11.4,9,91,3,55057
2020-05-17,21,21,9,14,14,4,15,16,7,328,1016,11,0.1,0.0,14.5,10,80,5,55057
2020-05-18,11,11,9,7,7,4,10,11,15,50,1013,23,7.5,0.0,9.3,9,93,3,55057
2020-05-19,15,15,10,10,10,6,12,13,13,70,1018,17,0.0,0.0,9.3,10,87,3,55057
2020-05-20,20,20,11,14,14,4,15,17,9,100,1021,13,0.0,0.0,12.4,12,84,4,55057
2020-05-21,18,18,12,15,15,5,15,16,7,141,1019,10,0.2,0.0,11.4,13,85,4,55057
2020-05-22,20,20,12,15,15,4,16,17,5,149,1016,8,0.6,0.0,10.4,13,87,4,55057
2020-05-23,20,20,13,16,16,4,16,18,9,135,1011,13,38.4,0.0,10.4,15,91,4,55057
2020-05-24,25,25,14,20,20,4,20,21,5,168,1011,6,2.5,0.0,9.4,17,87,5,55057
2020-05-25,26,26,18,22,23,4,23,24,7,214,1011,11,3.1,0.0,13.5,20,87,5,55057
2020-05-26,27,27,18,22,23,3,23,24,8,173,1012,14,8.5,0.0,10.4,20,87,5,55057
2020-05-27,24,24,19,21,22,4,22,23,7,203,1012,12,11.9,0.0,10.4,19,90,5,55057
2020-05-28,20,20,15,18,18,4,18,18,7,334,1011,10,43.2,0.0,9.4,16,91,4,55057
2020-05-29,16,16,11,12,12,6,13,14,10,318,1016,15,0.9,0.0,12.5,9,79,3,55057
2020-05-30,16,16,9,11,11,4,12,14,8,340,1023,12,0.1,0.0,14.5,8,76,4,55057
2020-05-31,19,19,5,12,12,5,13,15,6,203,1025,9,0.0,0.0,14.5,9,77,4,55057
2020-06-01,23,23,12,16,16,6,18,18,12,198,1016,19,0.6,0.0,9.5,15,83,4,55057
2020-06-02,28,28,22,25,28,5,28,26,10,250,1009,16,20.5,0.0,10.5,22,88,6,55057
2020-06-03,26,26,17,22,23,5,23,23,7,286,1009,11,18.3,0.0,14.5,17,81,6,55057
2020-06-04,27,27,14,21,22,6,22,23,3,287,1008,5,2.7,0.0,14.5,15,73,6,55057
2020-06-05,26,26,17,21,22,5,22,23,7,316,1011,12,6.0,0.0,9.5,17,81,5,55057
2020-06-06,22,22,12,17,17,6,19,19,6,18,1018,9,0.0,0.0,14.5,12,71,5,55057
2020-06-07,23,23,13,17,17,6,18,18,11,131,1017,17,2.2,0.0,11.5,13,76,4,55057
2020-06-08,27,27,16,22,23,6,23,23,11,176,1012,17,0.0,0.0,14.5,18,78,6,55057
2020-06-09,28,28,18,22,23,5,23,24,8,101,1002,14,18.0,0.0,11.5,19,86,5,55057
2020-06-10,19,19,9,15,15,5,16,17,13,321,1000,19,26.6,0.0,9.5,15,91,4,55057
2020-06-11,21,21,11,16,16,5,17,18,12,273,1016,19,2.5,0.0,11.5,12,77,4,55057
2020-06-12,22,22,12,16,16,5,16,18,6,213,1024,9,2.1,0.0,12.5,13,83,4,55057
2020-06-13,18,18,6,11,11,6,13,14,9,94,1027,13,0.0,0.0,14.5,7,72,4,55057
2020-06-14,19,19,5,12,12,6,13,15,9,122,1027,14,0.0,0.0,14.5,7,74,5,55057
2020-06-15,20,20,8,14,14,6,15,17,9,156,1026,14,0.0,0.0,14.5,11,79,5,55057
2020-06-16,25,25,11,18,18,5,19,20,9,182,1024,13,0.0,0.0,14.5,14,77,6,55057
2020-06-17,25,25,15,20,21,4,21,22,9,181,1019,14,0.0,0.0,14.5,17,82,6,55057
2020-06-18,27,27,15,21,22,5,22,23,9,181,1016,14,0.0,0.0,14.5,17,80,6,55057
2020-06-19,25,25,18,21,21,5,22,22,5,260,1015,9,19.1,0.0,10.5,19,90,5,55057
2020-06-20,22,22,17,18,18,4,18,18,5,46,1012,8,52.6,0.0,9.6,17,94,4,55057
2020-06-21,25,25,14,20,20,4,22,22,6,226,1010,10,6.5,0.0,12.5,17,85,5,55057
2020-06-22,20,20,14,17,17,2,17,18,5,211,1009,10,29.5,0.0,9.6,17,95,4,55057
2020-06-23,20,20,12,15,15,5,16,18,7,327,1009,12,3.6,0.0,13.5,14,85,4,55057
2020-06-24,21,21,11,16,16,5,17,18,8,293,1010,12,3.8,0.0,13.5,14,85,4,55057
2020-06-25,24,24,12,18,18,6,19,20,5,264,1013,8,0.8,0.0,14.5,14,78,6,55057
2020-06-26,26,26,17,21,22,5,22,22,8,234,1010,13,16.6,0.0,10.5,19,90,5,55057
2020-06-27,27,27,18,23,24,4,24,24,4,119,1009,7,0.2,0.0,14.5,18,79,6,55057
2020-06-28,28,28,16,22,23,6,23,24,7,137,1009,11,1.8,0.0,14.5,19,83,5,55057
2020-06-29,29,29,20,24,27,4,27,26,10,162,1009,17,28.4,0.0,9.5,23,92,6,55057
2020-06-30,29,29,20,25,27,5,27,26,8,149,1011,12,4.0,0.0,13.5,22,87,7,55057
2020-07-01,28,28,20,24,26,4,26,25,7,132,1014,10,0.9,0.0,14.5,21,85,7,55057
2020-07-02,28,28,18,23,24,6,24,24,3,209,1017,4,0.0,0.0,13.5,18,74,6,55057
2020-07-03,30,30,19,24,26,5,26,26,5,39,1018,8,10.6,0.0,9.5,20,79,6,55057
2020-07-04,28,28,20,24,26,5,26,26,3,140,1017,5,4.8,0.0,13.5,20,82,6,55057
2020-07-05,28,28,20,24,26,5,26,26,4,240,1014,8,16.6,0.0,9.5,21,84,6,55057
2020-07-06,29,29,20,24,27,5,27,26,5,250,1014,8,5.5,0.0,11.5,21,84,6,55057
2020-07-07,30,30,20,24,26,5,26,26,4,269,1013,8,6.3,0.0,13.5,21,81,6,55057
2020-07-08,30,30,20,25,28,4,28,27,6,185,1011,9,0.8,0.0,14.5,22,85,6,55057
2020-07-09,30,30,20,24,26,4,26,26,6,221,1010,10,22.3,0.0,13.5,22,89,6,55057
2020-07-10,26,26,18,22,22,5,22,23,9,318,1011,13,4.6,0.0,13.5,18,83,6,55057
2020-07-11,27,27,17,22,23,4,23,24,5,300,1011,8,1.4,0.0,11.5,19,83,5,55057
2020-07-12,24,24,15,20,20,4,21,21,5,8,1013,8,1.4,0.0,12.5,16,80,5,55057
2020-07-13,26,26,15,21,22,6,22,23,5,163,1014,8,0.0,0.0,14.5,17,78,6,55057
2020-07-14,27,27,19,23,24,5,24,24,12,192,1012,18,16.3,0.0,10.4,20,88,5,55057
2020-07-15,19,19,15,17,17,4,17,18,5,68,1016,9,21.0,0.0,9.4,16,93,4,55057
2020-07-16,26,26,13,19,19,4,20,22,4,208,1017,7,0.0,0.0,14.5,16,82,6,55057
2020-07-17,28,28,17,23,25,4,25,25,8,212,1016,12,0.7,0.0,13.5,20,87,5,55057
2020-07-18,31,31,23,26,30,5,30,28,12,194,1009,17,2.8,0.0,12.5,24,87,7,55057
2020-07-19,26,26,20,23,25,5,25,23,13,290,1009,19,6.0,0.0,13.5,19,78,6,55057
2020-07-20,25,25,16,21,21,5,22,22,4,331,1016,7,0.1,0.0,14.5,16,77,6,55057
2020-07-21,24,24,15,20,20,5,21,21,6,153,1015,10,13.0,0.0,10.4,18,88,5,55057
2020-07-22,21,21,16,18,18,5,18,18,8,305,1014,11,1.0,0.0,11.4,16,88,4,55057
2020-07-23,24,24,14,19,19,3,20,20,4,93,1019,6,0.2,0.0,9.3,16,85,5,55057
2020-07-24,27,27,15,21,23,4,23,23,7,168,1019,10,0.0,0.0,14.5,19,86,6,55057
2020-07-25,31,31,21,25,28,5,28,27,9,200,1016,13,2.0,0.0,12.4,23,87,6,55057
2020-07-26,29,29,22,25,28,5,28,26,8,249,1013,13,24.9,0.0,9.3,23,93,6,55057
2020-07-27,25,25,17,21,23,5,23,22,9,301,1013,14,0.4,0.0,13.5,16,76,5,55057
2020-07-28,24,24,15,20,20,5,20,21,9,264,1011,15,6.2,0.0,10.3,17,85,5,55057
2020-07-29,26,26,17,21,22,4,22,23,4,317,1013,7,0.6,0.0,14.5,17,79,6,55057
2020-07-30,25,25,15,20,20,4,21,21,6,51,1015,10,1.4,0.0,9.2,16,82,5,55057
2020-07-31,25,25,15,20,20,6,21,22,3,37,1015,4,0.0,0.0,14.5,15,77,6,55057
2020-08-01,26,26,15,20,22,5,22,23,2,42,1012,4,2.6,0.0,11.3,16,80,5,55057
2020-08-02,21,21,15,17,17,5,17,19,10,342,1013,15,5.1,0.0,9.2,15,89,4,55057
2020-08-03,21,21,10,15,15,6,16,17,8,8,1019,12,0.0,0.0,14.5,10,70,4,55057
2020-08-04,21,21,10,15,15,6,16,17,4,239,1019,6,0.8,0.0,12.4,11,77,4,55057
2020-08-05,24,24,12,17,17,5,18,19,5,262,1018,7,1.6,0.0,10.2,13,79,4,55057
2020-08-06,25,25,13,19,19,6,20,21,5,181,1019,8,0.8,0.0,12.4,14,77,5,55057
2020-08-07,26,26,15,20,21,4,21,22,9,176,1019,13,0.0,0.0,14.5,16,80,6,55057
2020-08-08,27,27,19,23,24,5,24,24,10,212,1016,16,16.5,0.0,9.1,21,87,5,55057
2020-08-09,30,30,22,26,29,5,29,27,9,185,1013,13,2.3,0.0,10.2,22,83,6,55057
2020-08-10,27,27,18,23,26,5,26,25,10,298,1011,16,7.8,0.0,11.2,19,81,6,55057
2020-08-11,27,27,13,20,20,6,21,22,6,292,1015,9,0.0,0.0,11.6,12,63,6,55057
2020-08-12,28,28,16,21,22,6,22,24,5,148,1018,8,0.4,0.0,11.6,14,66,6,55057
2020-08-13,28,28,17,22,23,4,23,24,7,157,1018,10,0.8,0.0,11.6,18,80,6,55057
2020-08-14,29,29,16,22,23,6,23,24,8,163,1016,12,0.2,0.0,11.6,17,74,6,55057
2020-08-15,24,24,15,20,20,5,21,20,10,327,1014,16,12.6,0.0,10.4,15,79,4,55057
2020-08-16,27,27,13,20,21,6,21,22,7,305,1016,11,0.1,0.0,10.4,14,72,6,55057
2020-08-17,24,24,16,20,20,6,21,21,8,326,1016,12,0.0,0.0,10.4,12,65,5,55057
2020-08-18,25,25,11,18,18,6,19,20,5,225,1018,8,0.0,0.0,11.6,11,66,5,55057
2020-08-19,27,27,13,20,21,6,21,23,6,233,1017,9,0.0,0.0,11.6,13,68,6,55057
2020-08-20,28,28,16,22,23,6,23,24,10,234,1013,16,0.0,0.0,11.6,16,71,6,55057
2020-08-21,30,30,16,23,23,5,23,25,8,226,1011,12,0.0,0.0,11.6,16,71,7,55057
2020-08-22,29,29,18,23,24,5,24,23,7,219,1011,11,8.2,0.0,10.4,19,82,5,55057
2020-08-23,31,31,18,24,25,4,25,26,4,122,1012,6,4.9,0.0,11.6,18,75,7,55057
2020-08-24,34,34,20,26,28,4,28,28,4,259,1014,6,0.9,0.0,11.6,19,72,7,55057
2020-08-25,30,30,19,24,26,4,26,25,6,155,1014,11,26.6,0.0,6.7,21,85,6,55057
2020-08-26,32,32,22,26,29,6,29,28,11,237,1010,17,0.1,0.0,11.6,20,72,7,55057
2020-08-27,31,31,22,26,28,5,28,28,7,288,1008,11,4.1,0.0,6.6,20,71,6,55057
2020-08-28,26,26,20,22,23,4,23,22,7,271,1007,12,38.3,0.0,6.6,20,92,5,55057
2020-08-29,23,23,15,19,19,6,19,20,11,314,1010,15,0.0,0.0,11.6,13,71,5,55057
2020-08-30,23,23,11,17,17,6,17,19,6,150,1012,9,0.0,0.0,11.6,11,70,5,55057
2020-08-31,21,21,13,16,16,5,16,18,8,264,1009,14,24.9,0.0,9.1,13,85,4,55057
2020-09-01,22,22,11,16,16,6,17,18,5,147,1012,7,2.3,0.0,11.6,10,71,4,55057
2020-09-02,24,24,13,17,17,5,18,20,9,280,1008,15,0.0,0.0,11.6,11,71,5,55057
2020-09-03,21,21,12,18,18,6,18,20,15,296,1007,24,0.0,0.0,11.6,9,56,6,55057
2020-09-04,22,22,9,15,15,6,16,18,10,283,1017,15,0.0,0.0,11.6,7,59,5,55057
2020-09-05,23,23,12,18,18,6,18,19,5,207,1021,8,0.0,0.0,11.6,10,62,5,55057
2020-09-06,26,26,14,19,19,6,20,22,14,205,1010,20,0.7,0.0,6.5,15,72,5,55057
2020-09-07,16,16,10,13,13,6,14,14,10,342,1013,14,0.0,0.0,10.3,6,62,3,55057
2020-09-08,10,10,2,6,6,5,8,8,9,17,1024,13,14.1,0.0,6.5,6,88,2,55057
2020-09-09,8,8,7,5,5,2,7,8,8,42,1029,12,12.8,0.0,6.4,7,96,2,55057
2020-09-10,11,11,6,8,8,4,8,9,4,94,1030,6,0.1,0.0,9.0,6,85,2,55057
2020-09-11,13,13,6,8,8,5,10,11,7,99,1026,11,6.9,0.0,6.4,8,86,3,55057
2020-09-12,20,20,14,16,16,4,17,18,8,202,1012,12,52.3,0.0,6.4,16,96,4,55057
2020-09-13,22,22,10,15,15,6,16,17,8,304,1017,12,0.0,0.0,11.6,13,84,5,55057
2020-09-14,22,22,10,16,16,5,16,17,7,149,1026,11,0.1,0.0,11.6,13,84,4,55057
2020-09-15,25,25,16,20,20,6,20,21,14,225,1019,22,0.0,0.0,11.6,16,79,6,55057
2020-09-16,22,22,16,19,19,6,21,20,11,328,1016,17,0.0,0.0,11.6,13,74,6,55057
2020-09-17,16,16,7,11,11,6,12,13,7,232,1023,11,0.0,0.0,11.6,5,65,4,55057
2020-09-18,16,16,5,10,10,6,11,12,5,60,1028,8,0.0,0.0,11.6,1,54,4,55057
2020-09-19,17,17,4,9,9,6,10,12,7,189,1027,12,0.0,0.0,11.6,5,74,4,55057
2020-09-20,19,19,7,12,12,6,13,15,11,172,1026,17,0.0,0.0,11.6,8,73,4,55057
2020-09-21,22,22,9,15,15,6,17,17,11,192,1023,18,0.0,0.0,11.6,10,70,5,55057
2020-09-22,25,25,14,19,19,6,21,21,7,232,1019,12,0.2,0.0,11.6,14,74,6,55057
2020-09-23,25,25,14,19,19,5,20,21,6,225,1015,11,0.0,0.0,11.6,15,79,6,55057
2020-09-24,21,21,15,17,17,3,18,19,6,198,1011,11,17.9,0.0,6.0,16,92,4,55057
2020-09-25,24,24,14,18,18,5,19,20,12,187,1009,18,0.3,0.0,11.6,15,82,6,55057
2020-09-26,22,22,17,20,20,4,21,20,8,185,1003,14,0.6,0.0,6.0,17,84,5,55057
2020-09-27,16,16,12,15,15,5,16,15,11,251,1005,16,0.7,0.0,6.0,10,69,4,55057
2020-09-28,14,14,8,9,9,5,11,12,10,320,1008,14,1.5,0.0,6.0,7,78,3,55057
2020-09-29,14,14,6,8,8,5,10,12,9,283,1008,13,0.8,0.0,5.9,6,79,3,55057
2020-09-30,14,14,6,8,8,5,10,11,11,308,1004,17,11.7,0.0,5.9,7,82,3,55057
2020-10-01,11,11,7,5,5,5,8,9,11,342,1017,16,5.5,0.0,5.9,5,80,2,55057
2020-10-02,10,10,1,4,4,6,7,6,5,327,1023,8,0.1,0.0,11.4,-2,64,3,55057
2020-10-03,7,7,1,3,3,4,4,5,4,187,1022,6,1.9,0.0,5.7,0,78,2,55057
2020-10-04,11,11,-2,2,2,6,5,6,6,342,1024,10,0.0,0.0,11.3,-3,63,3,55057
2020-10-05,17,17,3,7,7,6,9,12,14,198,1016,22,0.0,0.0,11.3,2,58,4,55057
2020-10-06,22,22,9,14,14,6,16,16,12,265,1009,20,0.0,0.0,11.3,7,58,5,55057
2020-10-07,19,19,13,15,15,6,17,16,9,316,1012,14,0.0,0.0,11.2,5,53,5,55057
2020-10-08,18,18,6,11,11,6,12,13,5,280,1020,9,0.0,0.0,11.2,3,58,4,55057
2020-10-09,26,26,11,17,17,6,19,20,14,220,1009,21,0.0,0.0,10.1,11,66,5,55057
2020-10-10,19,19,11,15,15,6,16,15,8,141,1013,12,0.0,0.0,11.1,7,64,5,55057
2020-10-11,19,19,6,10,10,6,12,14,12,127,1013,17,0.0,0.0,8.7,9,82,4,55057
2020-10-12,19,19,9,12,12,5,13,13,16,299,1005,25,23.6,0.0,5.7,8,72,3,55057
2020-10-13,16,16,8,10,10,6,12,14,13,272,1013,21,0.0,0.0,8.7,1,47,4,55057
2020-10-14,19,19,8,10,10,6,12,14,15,213,1005,23,0.1,0.0,7.2,2,50,3,55057
2020-10-15,8,8,3,2,2,6,6,6,14,304,1013,19,0.1,0.0,8.7,-4,53,3,55057
2020-10-16,9,9,1,0,0,5,4,6,10,263,1019,15,2.0,0.3,5.6,-4,55,2,55057
2020-10-17,15,15,1,5,5,4,8,9,14,200,1013,20,1.8,0.0,4.1,0,61,2,55057
2020-10-18,6,6,0,0,0,5,3,4,9,296,1021,12,0.8,0.2,5.6,-5,57,1,55057
2020-10-19,5,5,-3,-2,-2,6,0,2,4,32,1026,6,0.2,0.0,5.6,-9,54,1,55057
2020-10-20,5,5,-3,-2,-2,5,1,2,7,101,1023,10,6.3,0.0,4.1,-3,72,1,55057
2020-10-21,6,6,1,0,0,5,3,4,8,279,1021,11,3.9,0.0,5.6,1,83,1,55057
2020-10-22,8,8,3,2,2,4,5,5,10,95,1017,15,27.2,0.0,4.1,3,90,2,55057
2020-10-23,3,3,0,-2,-2,3,2,3,13,335,1020,18,24.5,1.0,4.0,1,92,1,55057
2020-10-24,1,1,-3,-5,-5,5,-1,0,7,327,1028,9,0.1,0.0,7.1,-6,73,1,55057
2020-10-25,2,2,-2,-3,-3,4,0,0,5,140,1027,7,2.5,2.0,4.0,-5,76,1,55057
2020-10-26,-1,-1,-5,-8,-8,4,-3,-2,8,317,1029,11,0.6,0.5,3.9,-5,91,1,55057
2020-10-27,0,0,-8,-8,-8,6,-4,-3,8,246,1026,11,0.0,0.0,8.7,-6,83,2,55057
2020-10-28,8,8,-2,-1,-1,5,3,4,11,261,1016,16,0.0,0.0,8.7,-3,68,2,55057
2020-10-29,5,5,-2,-2,-2,6,2,3,9,133,1019,13,0.0,0.0,7.1,-2,76,1,55057
2020-10-30,5,5,-3,-2,-2,6,1,2,4,333,1025,7,0.0,0.0,8.7,-7,63,2,55057
2020-10-31,12,12,-1,1,1,6,5,7,15,196,1016,23,0.0,0.0,8.7,-1,66,2,55057
2020-11-01,3,3,-3,-7,-7,6,0,0,19,316,1022,26,0.0,0.0,7.1,-10,48,1,55057
2020-11-02,10,10,-3,0,0,6,3,5,11,258,1022,17,0.0,0.0,8.7,-7,50,3,55057
2020-11-03,17,17,3,8,8,6,10,11,9,216,1015,15,0.0,0.0,8.7,4,70,4,55057
2020-11-04,18,18,9,12,12,6,14,14,10,226,1014,17,0.0,0.0,8.7,8,74,4,55057
2020-11-05,18,18,11,13,13,6,15,15,7,291,1018,12,0.0,0.0,8.7,7,67,5,55057
2020-11-06,20,20,10,13,13,6,14,16,10,209,1017,17,0.0,0.0,8.7,8,67,5,55057
2020-11-07,20,20,14,16,16,6,16,17,14,207,1016,22,0.0,0.0,8.7,11,75,5,55057
2020-11-08,21,21,13,16,16,6,16,17,13,185,1017,21,0.0,0.0,7.0,12,79,4,55057
2020-11-09,19,19,16,18,18,6,18,18,14,190,1012,22,1.1,0.0,3.7,15,83,4,55057
2020-11-10,9,9,3,4,4,3,7,6,11,145,1005,15,109.6,0.0,3.7,6,92,2,55057
2020-11-11,6,6,-3,-4,-4,5,1,2,12,252,1015,17,0.1,0.1,8.7,-5,66,2,55057
2020-11-12,9,9,-1,0,0,4,3,5,9,207,1018,13,2.3,0.0,7.0,-1,78,2,55057
2020-11-13,2,2,-6,-8,-8,5,-3,-2,9,270,1022,13,1.9,2.1,8.7,-9,62,2,55057
2020-11-14,3,3,-3,-4,-4,5,0,1,13,159,1009,21,2.9,0.0,3.7,-4,70,1,55057
2020-11-15,2,2,-3,-5,-5,1,1,1,20,284,999,29,9.8,1.5,3.7,-1,87,1,55057
2020-11-16,5,5,-4,-4,-4,6,0,2,9,245,1017,14,0.2,0.0,5.3,-6,67,1,55057
2020-11-17,2,2,-5,-6,-6,6,-2,-1,9,293,1031,13,0.0,0.0,8.7,-10,53,2,55057
2020-11-18,7,7,-1,-2,-2,6,3,4,13,179,1023,22,0.0,0.0,8.7,-6,54,1,55057
2020-11-19,15,15,8,9,9,6,11,12,13,221,1010,23,0.0,0.0,8.7,5,69,4,55057
2020-11-20,8,8,1,2,2,6,5,6,10,297,1024,14,0.0,0.0,8.7,1,75,3,55057
2020-11-21,4,4,-2,-1,-1,6,0,1,3,266,1034,5,0.0,0.0,8.7,-6,65,2,55057
2020-11-22,3,3,-3,-3,-3,5,0,1,7,213,1025,11,0.2,0.2,5.2,-3,78,1,55057
2020-11-23,2,2,-3,-4,-4,6,-1,-1,6,212,1026,9,0.0,0.0,7.0,-6,71,1,55057
2020-11-24,2,2,-4,-5,-5,4,0,0,12,146,1018,19,13.1,4.8,3.5,-2,87,1,55057
2020-11-25,5,5,0,1,1,3,3,4,6,79,1011,10,3.6,0.0,3.4,3,97,1,55057
2020-11-26,8,8,3,2,2,3,5,6,7,230,1013,11,0.0,0.0,6.9,2,86,2,55057
2020-11-27,3,3,-2,-4,-4,6,0,1,8,286,1019,12,0.0,0.0,8.7,-4,77,2,55057
2020-11-28,7,7,-2,-2,-2,6,2,4,11,236,1017,18,0.0,0.0,8.7,-5,61,2,55057
2020-11-29,2,2,-3,-4,-4,6,1,1,12,296,1017,18,0.0,0.0,5.2,-4,71,1,55057
2020-11-30,-1,-1,-5,-9,-9,6,-4,-3,11,341,1023,14,0.0,0.0,8.7,-10,60,1,55057
2020-12-01,0,0,-6,-7,-7,6,-3,-3,7,333,1019,10,0.0,0.0,8.7,-10,61,2,55057
2020-12-02,3,3,-3,-3,-3,6,-1,0,5,315,1026,9,0.0,0.0,8.7,-13,41,2,55057
2020-12-03,2,2,-2,-5,-5,6,0,0,10,267,1021,15,0.0,0.0,6.9,-5,73,1,55057
2020-12-04,2,2,-2,-3,-3,6,0,0,6,311,1015,9,0.0,0.0,8.7,-5,72,2,55057
2020-12-05,2,2,-3,-1,-1,6,-1,0,2,274,1022,3,0.0,0.0,6.9,-6,70,1,55057
2020-12-06,2,2,-3,-2,-2,6,-1,0,2,202,1018,4,0.0,0.0,8.7,-6,71,2,55057
2020-12-07,2,2,-3,-3,-3,6,-1,0,3,195,1018,5,0.0,0.0,8.7,-4,77,2,55057
2020-12-08,3,3,-2,-3,-3,6,0,1,7,221,1016,12,0.0,0.0,8.7,-3,79,2,55057
2020-12-09,5,5,-1,0,0,6,1,2,4,286,1011,7,0.0,0.0,8.7,-2,77,2,55057
2020-12-10,5,5,-1,0,0,6,2,3,5,192,1015,9,0.0,0.0,6.9,-1,80,1,55057
2020-12-11,2,2,-1,-3,-3,6,1,1,9,136,1019,13,0.0,0.0,3.4,-2,79,1,55057
2020-12-12,1,1,-2,-6,-6,6,-1,0,14,28,1017,18,0.0,0.0,3.4,-7,64,1,55057
2020-12-13,0,0,-5,-7,-7,6,-2,-2,8,289,1020,12,0.0,0.0,8.7,-7,68,1,55057
2020-12-14,-5,-5,-7,-11,-11,6,-5,-5,11,316,1024,14,0.0,0.0,8.7,-15,49,1,55057
2020-12-15,-4,-4,-8,-10,-10,6,-6,-6,5,104,1029,7,0.0,0.0,3.4,-19,34,1,55057
2020-12-16,-1,-1,-7,-6,-6,6,-3,-3,5,108,1021,7,0.0,0.0,6.9,-9,66,1,55057
2020-12-17,-1,-1,-5,-6,-6,6,-3,-3,4,171,1020,6,0.0,0.0,3.4,-7,76,1,55057
2020-12-18,2,2,-5,-7,-7,5,-2,-1,11,177,1019,16,0.1,0.0,3.3,-4,80,1,55057
2020-12-19,1,1,-1,-2,-2,3,0,0,4,292,1015,7,1.1,0.7,3.4,-1,94,1,55057
2020-12-20,1,1,-5,-6,-6,6,-2,-2,8,247,1011,11,0.0,0.0,8.7,-5,78,2,55057
2020-12-21,1,1,-2,-5,-5,4,0,1,13,267,1005,19,2.7,1.9,3.4,-3,83,1,55057
2020-12-22,1,1,-4,-5,-5,6,-1,-1,10,232,1016,14,0.0,0.0,8.7,-4,79,1,55057
2020-12-23,6,6,-4,-2,-2,3,3,3,19,207,997,28,5.2,0.0,3.4,-2,81,1,55057
2020-12-24,-13,-13,-15,-22,-22,2,-12,-14,17,302,1008,21,0.7,0.0,3.3,-20,58,1,55057
2020-12-25,-7,-7,-15,-20,-20,5,-12,-11,11,293,1015,14,0.1,0.1,8.7,-18,61,2,55057
2020-12-26,-4,-4,-10,-13,-13,6,-7,-6,9,297,1015,12,0.0,0.0,8.7,-10,78,2,55057
2020-12-27,-2,-2,-7,-8,-8,5,-5,-4,6,173,1010,9,0.2,0.1,3.4,-8,79,1,55057
2020-12-28,-7,-7,-10,-15,-15,5,-8,-8,11,300,1026,15,0.6,0.5,5.1,-10,84,1,55057
2020-12-29,-8,-8,-13,-14,-14,5,-10,-10,7,196,1032,10,2.5,0.0,5.1,-12,86,1,55057
2020-12-30,-2,-2,-11,-11,-11,3,-5,-5,11,252,1014,16,13.8,11.7,3.4,-6,94,1,55057
2020-12-31,-7,-7,-15,-15,-15,4,-11,-11,5,247,1026,8,0.0,0.0,8.7,-12,92,1,55057
2021-01-01,-3,-3,-10,-11,-11,4,-7,-6,5,126,1023,9,0.5,0.3,6.9,-8,91,1,55057
2021-01-02,-2,-2,-9,-9,-9,5,-6,-6,4,264,1020,7,0.0,0.0,8.7,-7,92,1,55057
2021-01-03,-2,-2,-8,-8,-8,6,-6,-5,4,217,1015,7,0.0,0.0,8.7,-7,88,2,55057
2021-01-04,1,1,-7,-8,-8,5,-3,-1,9,246,1014,15,0.0,0.0,5.2,-4,92,1,55057
2021-01-05,-1,-1,-6,-7,-7,6,-4,-4,5,246,1018,10,0.0,0.0,8.7,-5,91,2,55057
2021-01-06,-1,-1,-6,-8,-8,2,-4,-3,7,113,1027,11,0.0,0.0,3.4,-4,95,1,55057
2021-01-07,-1,-1,-5,-6,-6,3,-3,-3,4,73,1031,7,0.0,0.0,5.2,-4,93,1,55057
2021-01-08,-2,-2,-7,-8,-8,3,-5,-5,4,251,1030,8,0.0,0.0,5.2,-6,93,1,55057
2021-01-09,-2,-2,-6,-9,-9,3,-5,-5,5,323,1028,8,0.0,0.0,3.4,-6,93,1,55057
2021-01-10,-2,-2,-5,-7,-7,5,-4,-3,6,298,1029,8,0.3,0.2,3.4,-5,92,1,55057
2021-01-11,-3,-3,-9,-11,-11,4,-6,-6,9,236,1023,13,0.0,0.0,3.4,-7,93,1,55057
2021-01-12,-1,-1,-6,-8,-8,4,-3,-3,8,245,1017,13,0.0,0.0,8.7,-4,91,1,55057
2021-01-13,2,2,-3,-5,-5,6,-1,0,7,223,1009,13,0.0,0.0,6.9,-2,89,1,55057
2021-01-14,0,0,-3,-5,-5,3,-1,-1,7,244,999,11,9.0,6.4,3.4,-2,94,1,55057
2021-01-15,1,1,-1,-4,-4,1,0,0,9,117,999,14,12.3,10.5,3.4,-1,98,1,55057
2021-01-16,0,0,-2,-5,-5,2,-1,-1,11,275,1007,15,5.0,4.2,3.4,-2,91,1,55057
2021-01-17,-2,-2,-4,-7,-7,3,-3,-2,8,326,1009,11,1.7,1.4,3.5,-5,86,1,55057
2021-01-18,-5,-5,-8,-12,-12,5,-6,-6,8,289,1014,12,0.3,0.3,3.5,-8,89,1,55057
2021-01-19,-10,-10,-13,-18,-18,6,-11,-11,9,289,1023,12,0.1,0.0,5.2,-13,83,1,55057
2021-01-20,0,0,-13,-13,-13,6,-7,-6,12,236,1016,18,0.0,0.0,5.2,-9,85,1,55057
2021-01-21,-1,-1,-9,-10,-10,5,-3,-3,16,282,1008,23,0.1,0.0,7.0,-6,82,1,55057
2021-01-22,-12,-12,-15,-21,-21,6,-13,-13,11,311,1023,15,0.1,0.0,7.0,-16,80,1,55057
2021-01-23,-8,-8,-14,-16,-16,5,-11,-11,6,201,1028,8,0.9,0.0,7.0,-14,80,1,55057
2021-01-24,-3,-3,-8,-9,-9,3,-6,-5,5,158,1020,7,7.9,6.7,3.7,-7,92,1,55057
2021-01-25,-7,-7,-14,-16,-16,6,-10,-10,9,63,1020,15,0.0,0.0,8.7,-12,87,1,55057
2021-01-26,-5,-5,-10,-14,-14,2,-7,-7,13,36,1018,19,4.9,4.2,3.7,-9,90,1,55057
2021-01-27,-9,-9,-13,-18,-18,6,-12,-11,8,289,1030,12,0.0,0.0,7.0,-13,89,1,55057
2021-01-28,-8,-8,-16,-16,-16,6,-12,-12,4,237,1038,6,0.0,0.0,8.7,-14,87,2,55057
2021-01-29,-5,-5,-13,-15,-15,5,-9,-9,9,132,1028,14,0.6,0.4,3.7,-10,92,1,55057
2021-01-30,-1,-1,-8,-10,-10,4,-4,-3,13,119,1017,19,2.0,1.4,3.7,-5,92,1,55057
2021-01-31,-1,-1,-4,-8,-8,1,-3,-2,11,51,1016,16,10.7,9.1,3.7,-3,95,1,55057
2021-02-01,-2,-2,-9,-9,-9,3,-5,-5,6,317,1026,9,0.4,0.3,3.7,-6,95,1,55057
2021-02-02,-2,-2,-8,-8,-8,5,-5,-5,4,291,1026,6,0.1,0.1,5.4,-6,93,1,55057
2021-02-03,-1,-1,-10,-10,-10,6,-6,-5,8,184,1019,12,0.0,0.0,8.7,-7,89,2,55057
2021-02-04,1,1,-5,-4,-4,2,0,0,13,209,999,18,30.2,17.2,3.8,-2,95,1,55057
2021-02-05,-16,-16,-19,-29,-29,0,-17,-17,18,288,1004,25,1.5,0.0,3.8,-18,89,1,55057
2021-02-06,-19,-19,-25,-33,-33,6,-22,-21,13,287,1021,19,0.1,0.1,3.8,-23,91,1,55057
2021-02-07,-22,-22,-32,-37,-37,6,-27,-26,8,289,1029,13,0.0,0.0,7.1,-28,91,1,55057
2021-02-08,-16,-16,-26,-28,-28,6,-22,-21,5,303,1031,8,0.0,0.0,3.8,-23,89,1,55057
2021-02-09,-15,-15,-27,-29,-29,6,-21,-20,7,281,1034,11,0.0,0.0,7.1,-23,89,1,55057
2021-02-10,-15,-15,-26,-28,-28,6,-21,-20,6,304,1036,9,0.0,0.0,3.8,-22,88,1,55057
2021-02-11,-18,-18,-28,-30,-30,3,-22,-22,6,329,1039,10,0.1,0.0,3.8,-23,92,1,55057
2021-02-12,-21,-21,-26,-33,-33,4,-23,-23,10,311,1038,15,0.9,0.8,5.5,-24,91,1,55057
2021-02-13,-19,-19,-26,-33,-33,6,-24,-23,8,317,1038,12,0.0,0.0,3.8,-25,89,1,55057
2021-02-14,-22,-22,-28,-35,-35,6,-25,-24,9,319,1039,14,0.0,0.0,3.9,-26,90,1,55057
2021-02-15,-19,-19,-28,-33,-33,5,-24,-23,7,341,1037,11,0.0,0.0,8.7,-25,89,1,55057
2021-02-16,-10,-10,-24,-23,-23,4,-18,-16,5,146,1027,8,0.2,0.1,4.0,-19,90,1,55057
2021-02-17,-9,-9,-21,-18,-18,3,-15,-14,3,191,1029,5,0.1,0.1,5.6,-16,93,1,55057
2021-02-18,-7,-7,-14,-14,-14,3,-11,-10,4,298,1029,6,1.0,0.8,4.1,-12,93,1,55057
2021-02-19,-11,-11,-17,-20,-20,4,-14,-14,6,285,1027,10,0.6,0.5,4.1,-15,94,1,55057
2021-02-20,-6,-6,-19,-17,-17,3,-13,-12,5,217,1028,8,0.0,0.0,8.7,-14,93,1,55057
