date,tempC,maxtempC,mintempC,WindChillC,FeelsLikeC,visibilityMiles,HeatIndexC,avgtempC,windspeedMiles,winddirDegree,pressure,WindGustMiles,precipMM,totalSnow_cm,sunHour,DewPointC,humidity,uvIndex,fips
2019-01-01,-2,-2,-5,-10,-10,3,-4,-3,9,266,1005,18,34.1,13.1,3.3,-7,83,1,23021
2019-01-02,-13,-13,-19,-20,-20,6,-15,-15,6,282,1024,7,0.0,0.0,8.7,-21,63,2,23021
2019-01-03,-8,-8,-15,-13,-13,4,-12,-11,3,226,1015,7,3.5,3.0,3.3,-15,77,1,23021
2019-01-04,-4,-4,-9,-9,-9,5,-5,-6,6,202,1006,11,0.4,0.3,3.3,-7,84,1,23021
2019-01-05,-2,-2,-4,-5,-5,4,-4,-3,3,125,1006,5,0.1,0.0,5.1,-4,88,1,23021
2019-01-06,-3,-3,-6,-9,-9,2,-4,-4,8,320,1007,12,3.0,2.6,3.3,-7,81,1,23021
2019-01-07,-11,-11,-17,-20,-20,5,-14,-13,9,332,1025,13,0.1,0.0,8.7,-19,64,1,23021
2019-01-08,-4,-4,-13,-14,-14,2,-9,-8,6,169,1016,12,6.3,5.4,3.3,-10,85,1,23021
2019-01-09,-3,-3,-4,-8,-8,1,-3,-3,9,43,993,15,19.5,16.1,3.4,-4,91,1,23021
2019-01-10,-6,-6,-8,-13,-13,1,-7,-7,9,320,1001,17,4.4,4.4,3.4,-10,80,1,23021
2019-01-11,-15,-15,-17,-24,-24,5,-15,-16,12,287,1014,18,0.2,0.2,3.4,-20,69,1,23021
2019-01-12,-15,-15,-21,-26,-26,6,-18,-18,8,290,1029,15,0.0,0.0,3.4,-23,70,1,23021
2019-01-13,-15,-15,-22,-22,-22,4,-19,-17,3,287,1033,6,0.0,0.0,8.7,-23,69,2,23021
2019-01-14,-10,-10,-22,-17,-17,6,-16,-14,3,265,1024,5,0.0,0.0,8.7,-20,71,2,23021
2019-01-15,-8,-8,-15,-13,-13,5,-12,-10,3,296,1017,6,0.1,0.0,3.4,-15,78,1,23021
2019-01-16,-5,-5,-10,-12,-12,3,-8,-7,9,211,1010,15,1.4,0.9,3.4,-12,78,1,23021
2019-01-17,-11,-11,-22,-22,-22,6,-16,-16,6,268,1025,10,0.0,0.0,8.7,-22,65,2,23021
2019-01-18,-7,-7,-15,-15,-15,3,-10,-10,5,189,1018,13,1.7,1.4,3.4,-14,77,1,23021
2019-01-19,-16,-16,-20,-23,-23,5,-18,-18,5,316,1028,7,0.5,0.3,5.2,-23,63,1,23021
2019-01-20,-17,-17,-20,-26,-26,1,-19,-18,9,49,1012,13,34.1,27.9,3.4,-20,77,1,23021
2019-01-21,-17,-17,-18,-25,-25,1,-16,-17,14,330,1003,17,6.1,6.0,3.4,-20,72,1,23021
2019-01-22,-11,-11,-20,-22,-22,5,-15,-15,9,305,1024,17,0.6,0.3,8.7,-22,60,2,23021
2019-01-23,-6,-6,-11,-13,-13,3,-9,-8,4,173,1016,9,2.0,0.6,3.5,-12,77,1,23021
2019-01-24,-2,-2,-3,-5,-5,4,-3,-2,5,158,1004,13,34.8,9.7,3.5,-3,90,1,23021
2019-01-25,-4,-4,-8,-11,-11,4,-5,-6,9,257,1005,13,2.9,1.9,8.7,-10,71,1,23021
2019-01-26,-12,-12,-17,-16,-16,5,-13,-14,4,255,1023,8,0.5,0.3,3.5,-18,66,1,23021
2019-01-27,-5,-5,-13,-13,-13,3,-9,-8,6,153,1018,16,4.5,2.6,3.5,-12,77,1,23021
2019-01-28,-14,-14,-17,-19,-19,5,-14,-15,6,297,1022,9,2.6,2.0,8.7,-21,62,2,23021
2019-01-29,-12,-12,-21,-19,-19,4,-15,-15,4,135,1021,8,1.6,0.8,5.2,-20,68,1,23021
2019-01-30,-7,-7,-10,-15,-15,2,-9,-8,9,224,1004,13,10.0,8.8,3.5,-13,76,1,23021
2019-01-31,-17,-17,-20,-27,-27,3,-18,-18,10,258,1014,17,0.9,0.3,3.5,-24,59,1,23021
2019-02-01,-17,-17,-21,-27,-27,5,-18,-18,9,266,1020,17,0.3,0.1,3.7,-23,63,1,23021
2019-02-02,-11,-11,-22,-22,-22,4,-16,-15,7,245,1018,13,1.8,1.0,3.7,-20,68,1,23021
2019-02-03,-9,-9,-17,-14,-14,5,-12,-12,4,240,1021,7,0.9,0.3,7.0,-17,67,1,23021
2019-02-04,1,1,-6,-6,-6,3,-3,-2,3,270,1016,9,3.1,1.2,3.7,-5,83,1,23021
2019-02-05,5,5,2,-4,-4,5,1,4,9,232,1011,16,0.9,0.3,3.7,-1,89,1,23021
2019-02-06,-5,-5,-12,-12,-12,6,-9,-8,5,244,1026,7,0.0,0.0,8.7,-11,80,2,23021
2019-02-07,-2,-2,-8,-9,-9,4,-5,-4,6,145,1027,8,0.5,0.1,3.8,-6,89,1,23021
2019-02-08,2,2,-3,-7,-7,4,-2,-1,11,203,1007,18,4.9,0.4,3.8,-6,77,1,23021
2019-02-09,-12,-12,-15,-22,-22,11,-14,-14,15,289,1020,25,0.5,0.1,3.8,-20,55,1,23021
2019-02-10,-10,-10,-19,-21,-21,8,-14,-13,9,293,1030,19,0.1,0.0,8.7,-20,60,1,23021
2019-02-11,-9,-9,-15,-20,-20,8,-14,-13,5,308,1029,14,0.0,0.0,8.7,-19,64,2,23021
2019-02-12,-9,-9,-19,-15,-15,6,-14,-12,4,59,1031,7,0.7,0.2,8.7,-18,64,1,23021
2019-02-13,-8,-8,-9,-14,-14,3,-9,-9,8,77,1005,14,34.1,21.8,5.3,-12,78,1,23021
2019-02-14,-5,-5,-9,-12,-12,4,-8,-7,5,285,1006,9,2.8,2.1,5.3,-12,73,1,23021
2019-02-15,0,0,-9,-9,-9,4,-5,-4,6,144,1014,15,3.6,0.1,5.3,-8,77,1,23021
2019-02-16,-2,-2,-5,-8,-8,7,-4,-4,8,278,1006,13,3.2,2.2,5.3,-9,72,1,23021
2019-02-17,-6,-6,-15,-15,-15,9,-11,-10,6,296,1017,9,0.0,0.0,10.7,-17,64,2,23021
2019-02-18,-10,-10,-15,-16,-16,6,-13,-12,4,38,1018,6,0.3,0.1,5.4,-18,65,1,23021
2019-02-19,-10,-10,-20,-20,-20,5,-14,-13,5,292,1027,13,0.1,0.1,10.8,-20,62,2,23021
2019-02-20,-8,-8,-18,-16,-16,6,-12,-12,4,277,1027,9,0.0,0.0,8.5,-18,62,1,23021
2019-02-21,-2,-2,-13,-10,-10,3,-6,-5,6,226,1011,14,9.2,7.7,5.4,-9,78,1,23021
2019-02-22,-3,-3,-11,-11,-11,6,-7,-6,5,300,1023,9,0.0,0.0,8.5,-11,69,1,23021
2019-02-23,-3,-3,-14,-9,-9,12,-7,-6,4,286,1027,7,0.0,0.0,10.9,-12,71,2,23021
2019-02-24,-3,-3,-12,-10,-10,2,-6,-4,8,138,1006,16,6.6,4.1,5.5,-7,81,1,23021
2019-02-25,-2,-2,-14,-12,-12,1,-5,-4,12,270,991,21,11.6,8.7,5.5,-10,69,1,23021
2019-02-26,-15,-15,-20,-27,-27,4,-17,-17,15,294,1016,27,0.1,0.0,8.5,-24,52,1,23021
2019-02-27,-14,-14,-22,-24,-24,6,-17,-16,6,303,1021,17,0.0,0.0,10.1,-23,59,1,23021
2019-02-28,-9,-9,-19,-19,-19,6,-13,-12,5,301,1018,8,0.0,0.0,11.0,-20,59,2,23021
2019-03-01,-6,-6,-19,-17,-17,5,-12,-10,5,255,1025,7,0.0,0.0,11.1,-17,64,2,23021
2019-03-02,-8,-8,-15,-15,-15,5,-10,-10,5,71,1018,4,0.4,0.1,8.6,-15,70,1,23021
2019-03-03,-9,-9,-14,-17,-17,4,-11,-10,10,235,1005,5,1.7,1.4,5.6,-15,68,1,23021
2019-03-04,1,1,-17,-13,-13,2,-7,-4,8,170,1007,9,5.3,4.1,5.6,-11,78,1,23021
2019-03-05,-7,-7,-12,-16,-16,6,-10,-9,8,270,1012,11,0.3,0.2,5.6,-14,72,1,23021
2019-03-06,-9,-9,-15,-18,-18,4,-13,-11,6,305,1013,9,0.8,0.6,5.6,-17,74,1,23021
2019-03-07,-12,-12,-17,-22,-22,5,-15,-14,8,284,1020,11,0.4,0.4,5.6,-18,75,1,23021
2019-03-08,-4,-4,-15,-16,-16,6,-10,-7,8,249,1022,12,0.0,0.0,10.1,-13,76,1,23021
2019-03-09,-5,-5,-12,-12,-12,6,-7,-6,7,222,1027,10,0.0,0.0,11.3,-12,74,1,23021
2019-03-10,-3,-3,-13,-13,-13,3,-8,-6,12,153,1027,18,7.6,1.4,5.7,-9,84,1,23021
2019-03-11,3,3,-5,-6,-6,3,-1,1,11,256,1005,15,4.0,2.6,5.9,-4,82,1,23021
2019-03-12,-3,-3,-9,-12,-12,5,-6,-5,10,298,1016,14,0.3,0.2,5.9,-9,80,1,23021
2019-03-13,3,3,-10,-7,-7,5,-3,-1,5,242,1025,8,0.0,0.0,10.2,-6,83,1,23021
2019-03-14,6,6,-6,-2,-2,5,0,3,5,168,1023,8,0.0,0.0,11.6,-2,85,2,23021
2019-03-15,8,8,1,1,1,4,4,7,10,192,1007,16,2.9,0.0,6.0,3,93,2,23021
2019-03-16,2,2,-6,-6,-6,4,-1,1,13,267,1003,18,0.6,0.3,6.0,-4,76,1,23021
2019-03-17,-5,-5,-11,-15,-15,10,-8,-7,11,279,1015,15,0.8,0.5,6.0,-12,76,1,23021
2019-03-18,-4,-4,-13,-12,-12,11,-7,-6,8,282,1021,12,0.1,0.1,8.8,-12,81,1,23021
2019-03-19,-2,-2,-12,-11,-11,4,-7,-5,6,289,1027,8,0.0,0.0,11.6,-13,73,2,23021
2019-03-20,3,3,-11,-7,-7,6,-3,0,6,246,1027,9,0.0,0.0,10.2,-8,75,1,23021
2019-03-21,6,6,-4,-3,-3,6,1,3,8,193,1019,12,0.1,0.0,6.1,-3,76,1,23021
2019-03-22,2,2,-3,-5,-5,1,0,0,9,29,997,14,25.5,21.1,6.1,-2,92,1,23021
2019-03-23,2,2,-5,-6,-6,2,0,1,14,316,995,22,6.7,6.1,6.1,-2,86,1,23021
2019-03-24,2,2,-6,-7,-7,4,-2,0,10,267,1011,14,2.4,2.0,6.1,-5,83,1,23021
2019-03-25,-4,-4,-11,-13,-13,5,-7,-6,9,272,1016,12,0.1,0.0,7.5,-11,72,1,23021
2019-03-26,-3,-3,-10,-12,-12,5,-7,-6,8,290,1023,11,0.3,0.0,10.2,-12,72,1,23021
2019-03-27,5,5,-11,-4,-4,6,-1,0,5,244,1031,7,0.0,0.0,11.6,-8,72,2,23021
2019-03-28,7,7,-6,-4,-4,11,0,3,11,189,1023,17,0.6,0.0,9.0,-4,70,2,23021
2019-03-29,6,6,-3,-1,-1,8,2,4,7,255,1017,10,3.0,0.0,7.7,0,84,1,23021
2019-03-30,8,8,-4,-1,-1,7,1,2,8,150,1014,13,5.7,0.0,6.4,1,92,1,23021
2019-03-31,10,10,3,5,5,2,9,9,12,186,1004,18,21.2,13.7,6.4,5,93,2,23021
2019-04-01,-2,-2,-5,-10,-10,4,-4,-3,13,291,1011,18,0.7,0.4,6.4,-8,76,1,23021
2019-04-02,6,6,-6,-4,-4,6,0,2,9,205,1026,14,0.0,0.0,11.6,-6,69,2,23021
2019-04-03,8,8,-3,-1,-1,4,2,4,8,172,1012,13,3.7,1.2,6.5,-2,78,1,23021
2019-04-04,-2,-2,-7,-12,-12,1,-4,-3,19,286,1017,27,0.7,0.0,7.8,-10,63,1,23021
2019-04-05,4,4,-9,-6,-6,6,-2,0,8,261,1028,12,0.0,0.0,11.6,-9,61,2,23021
2019-04-06,5,5,-2,-3,-3,3,1,3,8,269,1019,12,2.5,1.6,6.5,-1,88,1,23021
2019-04-07,6,6,-2,-2,-2,4,2,4,8,294,1023,11,0.0,0.0,10.3,-2,82,1,23021
2019-04-08,-4,-4,-6,-10,-10,3,-5,-5,8,109,1018,11,20.7,15.5,6.6,-7,90,1,23021
2019-04-09,-1,-1,-6,-8,-8,1,-3,-2,7,113,1008,10,17.1,14.3,6.6,-4,95,1,23021
2019-04-10,1,1,-5,-6,-6,2,-3,-1,6,123,1008,9,7.0,6.6,6.6,-3,96,1,23021
2019-04-11,3,3,-7,-5,-5,4,-1,1,7,302,1021,10,0.3,0.2,8.5,-2,94,1,23021
2019-04-12,8,8,-4,1,1,3,2,6,4,163,1024,7,0.0,0.0,10.9,1,91,2,23021
2019-04-13,15,15,1,7,7,4,9,13,9,246,1013,14,2.1,0.0,9.7,5,85,3,23021
2019-04-14,10,10,-2,2,2,4,4,6,5,272,1013,7,3.7,0.0,12.1,1,83,2,23021
2019-04-15,11,11,3,4,4,4,7,7,7,227,992,12,37.0,1.3,8.6,5,97,2,23021
2019-04-16,4,4,-1,-4,-4,2,1,3,12,314,1002,18,5.0,4.0,8.6,-1,83,1,23021
2019-04-17,8,8,-4,0,0,5,3,5,6,338,1020,10,0.5,0.3,13.8,-2,77,3,23021
2019-04-18,7,7,-3,-1,-1,4,2,4,10,168,1019,16,12.4,0.0,9.8,0,86,1,23021
2019-04-19,15,15,7,10,10,5,12,14,9,196,1006,13,12.0,0.0,8.7,9,93,3,23021
2019-04-20,7,7,3,3,3,2,6,6,7,67,1013,10,33.1,0.0,8.7,6,97,2,23021
2019-04-21,17,17,9,13,13,3,13,15,7,179,1016,11,4.1,0.0,11.0,12,92,3,23021
2019-04-22,16,16,7,10,10,4,12,13,6,34,1022,9,0.0,0.0,12.2,7,81,3,23021
2019-04-23,6,6,1,1,1,4,4,5,7,59,1017,10,3.2,0.0,8.7,3,89,1,23021
2019-04-24,6,6,1,1,1,3,3,4,5,78,1007,6,8.0,0.0,8.8,2,95,1,23021
2019-04-25,9,9,-1,3,3,4,5,6,4,323,1014,6,0.0,0.0,9.9,1,84,2,23021
2019-04-26,11,11,0,1,1,3,4,8,9,154,1011,14,13.5,0.0,11.1,2,88,2,23021
2019-04-27,13,13,2,4,4,3,7,10,11,187,994,18,14.3,0.0,8.8,6,93,3,23021
2019-04-28,8,8,0,0,0,5,4,5,10,280,1011,14,0.1,0.2,12.2,-2,73,3,23021
2019-04-29,6,6,-4,-2,-2,6,2,4,11,301,1024,15,0.0,0.0,14.1,-8,56,2,23021
2019-04-30,9,9,-2,2,2,6,5,7,8,304,1024,12,0.1,0.0,12.2,-6,53,2,23021
2019-05-01,12,12,-6,2,2,6,4,8,5,314,1029,7,1.3,0.0,13.4,-8,50,2,23021
2019-05-02,14,14,0,6,6,4,7,8,3,140,1024,5,2.6,1.5,12.3,1,76,3,23021
2019-05-03,12,12,0,5,5,4,7,10,5,178,1019,7,0.5,0.0,10.0,3,82,2,23021
2019-05-04,14,14,4,9,9,4,10,12,3,325,1012,4,0.6,0.0,8.9,6,84,3,23021
2019-05-05,20,20,3,13,13,6,13,16,3,142,1013,5,0.0,0.0,14.3,4,63,5,23021
2019-05-06,19,19,4,12,12,6,14,16,6,185,1015,9,0.0,0.0,14.3,3,59,5,23021
2019-05-07,17,17,6,10,10,6,12,14,9,276,1017,13,0.9,0.0,10.1,4,65,3,23021
2019-05-08,11,11,-2,3,3,6,6,8,8,320,1024,12,0.0,0.0,14.4,-5,53,3,23021
2019-05-09,15,15,-3,6,6,5,8,11,5,63,1027,9,0.3,0.0,14.4,-4,53,4,23021
2019-05-10,4,4,-2,0,0,3,4,4,10,164,1018,14,27.4,0.0,9.0,3,93,1,23021
2019-05-11,11,11,4,6,6,5,9,9,11,303,1012,15,0.3,0.0,12.3,2,69,2,23021
2019-05-12,14,14,1,6,6,6,9,11,7,237,1017,10,0.0,0.0,11.2,-2,58,3,23021
2019-05-13,13,13,2,6,6,4,8,11,6,101,1017,8,0.0,0.0,10.4,1,68,3,23021
2019-05-14,7,7,0,1,1,4,4,5,7,74,1014,10,7.8,1.4,9.3,1,83,1,23021
2019-05-15,7,7,0,0,0,3,3,5,7,2,1009,10,3.4,1.5,9.4,1,84,2,23021
2019-05-16,11,11,-1,4,4,5,5,8,5,338,1010,7,0.3,0.0,10.4,1,78,2,23021
2019-05-17,14,14,0,7,7,4,8,12,4,155,1009,6,2.9,0.0,12.5,4,80,3,23021
2019-05-18,12,12,4,6,6,4,7,9,5,228,1013,8,2.6,0.0,10.4,4,82,2,23021
2019-05-19,9,9,4,6,6,3,7,8,5,153,1018,7,7.5,0.0,9.4,5,86,2,23021
2019-05-20,21,21,7,15,15,3,17,19,7,242,1005,12,7.1,0.0,9.4,13,89,4,23021
2019-05-21,11,11,4,6,6,2,8,9,12,296,1004,16,1.7,0.0,9.7,5,82,2,23021
2019-05-22,14,14,2,7,7,6,10,12,8,238,1020,11,0.1,0.0,13.5,2,67,3,23021
2019-05-23,20,20,3,13,13,5,13,17,5,169,1017,7,5.7,0.0,13.5,5,69,4,23021
2019-05-24,14,14,7,7,7,4,9,10,8,29,1011,12,46.6,0.0,9.7,7,88,3,23021
2019-05-25,22,22,4,14,14,4,16,19,5,211,1018,8,0.4,0.0,14.5,6,63,5,23021
2019-05-26,19,19,9,13,13,4,13,16,8,263,1009,12,24.8,0.0,10.7,12,88,4,23021
2019-05-27,16,16,7,11,11,5,12,13,7,302,1014,11,0.1,0.0,12.6,2,62,4,23021
2019-05-28,15,15,0,9,9,6,10,13,4,208,1014,6,0.1,0.0,14.5,-1,56,4,23021
2019-05-29,14,14,4,8,8,5,9,12,5,180,1008,7,0.0,0.0,10.7,5,79,3,23021
2019-05-30,19,19,7,12,12,5,13,17,8,199,1005,11,0.9,0.0,9.8,10,80,4,23021
2019-05-31,15,15,7,10,10,6,12,13,8,287,1006,11,3.1,0.0,13.6,2,62,4,23021
2019-06-01,20,20,3,13,13,6,14,17,5,249,1011,7,0.0,0.0,14.5,4,61,5,23021
2019-06-02,20,20,7,12,12,4,13,16,8,174,1007,11,0.6,0.0,9.8,10,83,4,23021
2019-06-03,17,17,9,12,12,4,13,15,9,257,1005,12,0.6,0.0,11.7,5,68,3,23021
2019-06-04,16,16,5,9,9,5,11,13,9,273,1012,13,0.7,0.0,14.5,2,61,4,23021
2019-06-05,20,20,4,13,13,4,14,16,5,272,1009,7,0.5,0.0,14.5,5,65,5,23021
2019-06-06,22,22,10,16,16,5,17,19,5,323,1008,7,8.0,0.0,12.6,8,66,5,23021
2019-06-07,23,23,5,15,15,6,16,20,5,271,1013,7,0.1,0.0,14.5,5,61,4,23021
2019-06-08,19,19,4,12,12,6,13,16,6,338,1022,8,0.0,0.0,14.5,2,57,5,23021
2019-06-09,24,24,5,17,17,11,18,22,3,298,1025,5,0.0,0.0,14.5,8,59,6,23021
2019-06-10,28,28,11,21,22,6,22,25,5,155,1020,8,0.0,0.0,14.5,13,66,7,23021
2019-06-11,15,15,8,11,11,6,12,14,9,200,1011,14,33.4,0.0,9.9,10,89,3,23021
2019-06-12,22,22,6,15,15,12,17,19,8,279,1018,12,0.0,0.0,14.5,4,54,5,23021
2019-06-13,22,22,6,13,13,10,14,18,7,162,1017,10,1.1,0.0,12.7,7,68,4,23021
2019-06-14,20,20,11,15,15,6,16,18,6,216,1006,9,9.3,0.0,9.9,12,85,4,23021
2019-06-15,21,21,9,14,14,8,16,18,8,230,1011,12,0.3,0.0,12.7,10,71,4,23021
2019-06-16,20,20,8,14,14,4,16,17,6,274,1010,8,0.0,0.0,12.7,9,76,5,23021
2019-06-17,20,20,6,14,14,10,15,17,5,323,1014,7,0.1,0.0,13.6,7,70,4,23021
2019-06-18,22,22,7,15,15,11,16,19,4,241,1014,6,0.0,0.0,14.5,9,70,5,23021
2019-06-19,24,24,9,17,17,5,17,22,4,196,1009,7,1.7,0.0,14.5,12,77,5,23021
2019-06-20,17,17,13,15,15,2,14,16,3,121,1005,5,13.2,0.0,9.9,14,99,4,23021
2019-06-21,17,17,11,14,14,4,15,16,10,14,1001,14,5.5,0.0,10.8,11,81,4,23021
2019-06-22,22,22,8,15,15,4,16,19,8,346,1006,12,0.5,0.0,14.5,8,65,4,23021
2019-06-23,22,22,11,16,16,6,18,20,10,316,1007,14,0.0,0.0,14.5,8,58,6,23021
2019-06-24,21,21,4,14,14,6,15,17,5,336,1011,7,0.0,0.0,14.5,3,54,5,23021
2019-06-25,22,22,7,14,14,5,15,19,7,166,1014,10,4.8,0.0,13.6,7,67,4,23021
2019-06-26,22,22,10,16,16,4,17,19,8,154,1017,11,1.2,0.0,12.7,13,85,4,23021
2019-06-27,21,21,13,17,17,4,18,20,6,211,1019,10,16.0,0.0,9.9,16,93,4,23021
2019-06-28,27,27,12,20,21,5,21,23,4,311,1018,7,3.5,0.0,11.7,13,74,5,23021
2019-06-29,20,20,13,16,16,4,16,18,3,244,1012,5,14.3,0.0,9.9,15,95,4,23021
2019-06-30,18,18,11,14,14,3,14,16,5,35,1008,8,5.8,0.0,10.8,14,97,4,23021
2019-07-01,25,25,9,18,18,4,20,21,5,238,1010,8,0.0,0.0,13.6,12,76,6,23021
2019-07-02,25,25,14,19,21,4,21,22,6,300,1006,9,6.2,0.0,9.9,14,81,5,23021
2019-07-03,26,26,11,20,20,5,20,24,4,312,1010,5,0.0,0.0,14.5,13,69,6,23021
2019-07-04,30,30,13,23,24,5,24,27,4,307,1017,6,0.0,0.0,14.5,14,66,7,23021
2019-07-05,31,31,16,24,25,6,25,28,5,216,1017,8,0.2,0.0,14.5,16,67,7,23021
2019-07-06,26,26,18,21,23,5,23,24,7,185,1009,12,9.9,0.0,9.8,17,84,5,23021
2019-07-07,23,23,7,17,17,6,18,20,5,332,1014,8,0.0,0.0,14.5,7,60,6,23021
2019-07-08,25,25,8,18,18,6,19,22,5,293,1014,8,0.0,0.0,14.5,8,60,6,23021
2019-07-09,24,24,11,19,20,6,20,22,7,312,1014,10,0.0,0.0,14.5,9,60,6,23021
2019-07-10,25,25,9,19,20,6,20,22,4,239,1017,5,0.0,0.0,14.5,10,65,6,23021
2019-07-11,24,24,11,18,18,6,19,22,7,164,1015,10,0.1,0.0,14.5,12,71,6,23021
2019-07-12,23,23,15,19,19,6,20,22,8,169,1007,11,1.5,0.0,9.8,16,84,5,23021
2019-07-13,27,27,13,21,21,5,21,24,5,275,1009,8,0.9,0.0,13.5,13,71,6,23021
2019-07-14,23,23,13,18,18,5,19,21,8,296,1009,12,4.2,0.0,9.5,14,79,5,23021
2019-07-15,25,25,10,19,20,5,20,22,8,327,1013,11,0.0,0.0,14.5,11,69,6,23021
2019-07-16,27,27,12,21,22,4,22,24,5,211,1014,7,0.8,0.0,13.5,14,72,6,23021
2019-07-17,26,26,16,21,23,6,23,24,7,282,1010,11,6.2,0.0,10.5,17,85,5,23021
2019-07-18,26,26,9,18,19,6,19,23,3,166,1015,5,0.0,0.0,14.5,9,62,6,23021
2019-07-19,26,26,13,20,21,5,21,24,7,235,1007,11,5.0,0.0,12.5,16,77,5,23021
2019-07-20,31,31,18,25,26,6,26,28,6,275,1005,10,1.8,0.0,13.5,17,70,7,23021
2019-07-21,24,24,18,21,21,3,22,22,3,241,1005,5,24.4,0.0,11.5,18,91,5,23021
2019-07-22,22,22,12,17,17,4,17,19,3,286,1012,5,0.0,0.0,14.5,11,70,5,23021
2019-07-23,26,26,11,18,18,6,20,21,2,243,1010,3,0.0,0.0,14.5,10,66,6,23021
2019-07-24,22,22,12,17,17,6,18,20,5,301,1014,7,0.0,0.0,14.5,9,69,5,23021
2019-07-25,24,24,8,17,17,4,19,21,3,291,1019,4,0.1,0.0,14.5,10,69,6,23021
2019-07-26,28,28,11,20,21,6,21,24,4,264,1023,6,0.0,0.0,14.5,12,65,6,23021
2019-07-27,29,29,13,23,23,6,23,26,5,211,1022,7,0.2,0.0,14.5,14,69,7,23021
2019-07-28,29,29,14,20,21,3,21,25,6,208,1015,10,2.6,0.0,13.5,16,79,5,23021
2019-07-29,28,28,15,23,24,5,24,25,5,256,1012,7,2.3,0.0,12.4,16,76,6,23021
2019-07-30,31,31,17,23,25,5,25,28,6,204,1013,9,1.1,0.0,14.5,18,75,7,23021
2019-07-31,24,24,16,20,21,4,21,23,2,258,1014,5,20.2,0.0,10.3,19,92,5,23021
2019-08-01,25,25,14,20,21,5,21,23,6,301,1017,8,1.3,0.0,13.5,12,69,6,23021
2019-08-02,27,27,11,20,21,6,21,23,5,281,1018,8,0.0,0.0,14.5,11,65,6,23021
2019-08-03,27,27,12,20,21,6,21,24,6,265,1013,8,1.7,0.0,14.5,11,67,6,23021
2019-08-04,21,21,9,16,16,5,16,18,6,303,1012,9,1.6,0.0,14.5,9,72,5,23021
2019-08-05,24,24,7,17,17,6,18,20,5,298,1013,8,0.0,0.0,14.5,8,66,6,23021
2019-08-06,27,27,11,20,21,6,21,24,7,192,1011,11,0.0,0.0,14.5,11,63,6,23021
2019-08-07,24,24,13,17,17,3,18,20,6,177,1010,9,12.4,0.0,8.9,16,93,4,23021
2019-08-08,20,20,16,18,18,4,18,19,9,164,1004,14,49.0,0.0,8.9,17,97,4,23021
2019-08-09,22,22,15,18,18,5,19,19,5,276,1002,8,4.9,0.0,10.0,13,83,4,23021
2019-08-10,18,18,10,13,13,3,14,16,6,287,1004,10,6.6,0.0,10.0,11,88,4,23021
2019-08-11,18,18,9,12,12,2,13,15,6,281,1009,10,3.4,0.0,10.0,11,90,3,23021
2019-08-12,21,21,13,16,16,3,16,18,5,249,1009,8,14.6,0.0,8.9,15,95,4,23021
2019-08-13,24,24,12,18,18,4,19,21,5,281,1007,7,0.0,0.0,13.4,11,75,6,23021
2019-08-14,22,22,8,16,16,5,17,19,2,310,1012,3,0.0,0.0,14.1,10,73,5,23021
2019-08-15,25,25,11,17,17,6,18,21,3,149,1018,5,0.0,0.0,14.1,9,66,6,23021
2019-08-16,19,19,11,14,14,5,14,16,5,152,1018,8,30.9,0.0,11.1,13,89,4,23021
2019-08-17,21,21,12,16,16,4,17,19,6,181,1017,9,4.8,0.0,8.8,15,92,4,23021
2019-08-18,26,26,15,20,20,4,21,21,3,229,1015,6,11.9,0.0,8.8,17,90,5,23021
2019-08-19,25,25,15,19,19,3,20,22,6,187,1012,11,3.8,0.0,8.7,17,90,5,23021
2019-08-20,25,25,11,19,19,4,20,22,4,270,1016,7,0.0,0.0,14.0,12,73,6,23021
2019-08-21,26,26,12,18,18,5,18,22,5,193,1013,8,3.2,0.0,13.3,14,79,5,23021
2019-08-22,25,25,15,20,22,4,22,22,6,250,1008,9,1.9,0.0,12.2,16,84,5,23021
2019-08-23,21,21,10,16,16,4,17,18,8,289,1012,11,0.0,0.0,13.3,9,73,5,23021
2019-08-24,21,21,9,15,15,4,16,18,5,24,1023,7,0.0,0.0,12.2,9,74,5,23021
2019-08-25,24,24,7,16,16,6,18,20,2,55,1028,3,0.0,0.0,13.8,8,68,6,23021
2019-08-26,23,23,8,16,16,6,17,20,3,53,1023,4,0.0,0.0,13.3,9,67,5,23021
2019-08-27,25,25,11,18,18,6,19,21,3,286,1017,4,0.0,0.0,13.7,10,68,6,23021
2019-08-28,25,25,10,18,20,5,20,22,6,162,1013,8,0.2,0.0,13.7,11,70,6,23021
2019-08-29,24,24,12,18,18,4,19,20,3,291,1010,5,24.3,0.0,8.6,14,87,5,23021
2019-08-30,23,23,10,16,16,4,17,19,6,223,1011,10,1.4,0.0,10.9,12,82,4,23021
2019-08-31,18,18,8,13,13,4,15,16,8,288,1020,11,0.0,0.0,13.3,9,79,5,23021
2019-09-01,20,20,5,14,14,4,14,17,4,197,1027,7,0.0,0.0,13.6,7,71,5,23021
2019-09-02,13,13,8,10,10,4,12,13,8,177,1017,13,36.0,0.0,8.5,11,95,3,23021
2019-09-03,17,17,9,14,14,4,14,15,3,145,1016,5,2.8,0.0,8.2,10,84,4,23021
2019-09-04,18,18,10,13,13,4,14,16,11,184,1010,17,11.1,0.0,6.5,13,91,4,23021
2019-09-05,19,19,6,11,11,5,13,15,7,296,1016,10,0.5,0.0,11.6,6,75,5,23021
2019-09-06,21,21,5,12,12,5,13,16,2,244,1018,4,0.0,0.0,10.3,7,74,4,23021
2019-09-07,10,10,5,7,7,4,9,10,6,133,1010,9,8.8,0.0,6.5,8,94,2,23021
2019-09-08,14,14,4,9,9,3,11,12,6,268,1013,8,0.5,0.0,9.0,6,85,3,23021
2019-09-09,17,17,4,10,10,4,12,13,5,295,1025,8,0.0,0.0,11.6,5,76,4,23021
2019-09-10,18,18,3,11,11,4,11,15,3,206,1027,5,0.9,0.0,11.6,6,74,4,23021
2019-09-11,19,19,11,14,14,4,15,17,7,264,1015,11,5.9,0.0,6.2,13,96,4,23021
2019-09-12,17,17,6,10,10,4,12,13,5,116,1023,7,0.2,0.0,8.9,6,79,3,23021
2019-09-13,18,18,2,10,10,4,11,13,5,107,1031,8,0.0,0.0,11.6,2,67,4,23021
2019-09-14,13,13,7,8,8,5,10,10,9,176,1022,15,18.8,0.0,6.2,7,86,2,23021
2019-09-15,0,0,0,5,5,1,7,0,6,0,1015,12,0.0,0.0,7.5,7,96,2,23021
2019-09-16,14,14,0,9,9,4,10,4,7,296,1015,11,0.5,0.0,6.2,7,84,1,23021
2019-09-17,15,15,7,9,9,4,11,12,6,127,1021,9,0.4,0.0,7.5,6,80,3,23021
2019-09-18,15,15,0,8,8,4,9,11,3,26,1027,5,0.0,0.0,11.6,0,65,4,23021
2019-09-19,20,20,1,12,12,6,13,16,3,266,1025,5,0.0,0.0,11.6,4,67,5,23021
2019-09-20,21,21,8,14,14,5,15,17,6,270,1019,9,0.0,0.0,11.6,10,81,5,23021
2019-09-21,21,21,11,16,16,4,16,18,3,314,1020,5,0.0,0.0,11.6,11,81,5,23021
2019-09-22,26,26,11,18,18,4,19,22,7,227,1015,12,0.0,0.0,11.6,14,76,6,23021
2019-09-23,20,20,16,19,19,4,19,20,7,252,1004,13,3.7,0.0,6.0,17,89,4,23021
2019-09-24,16,16,8,13,13,3,13,14,4,116,1004,7,31.2,0.0,6.0,12,96,3,23021
2019-09-25,14,14,7,9,9,3,10,12,5,321,1009,7,0.7,0.0,6.0,7,87,3,23021
2019-09-26,21,21,7,11,11,4,12,15,8,206,1006,13,12.7,0.0,7.4,10,88,4,23021
2019-09-27,17,17,7,10,10,5,12,14,6,285,1015,10,0.4,0.0,11.6,7,78,4,23021
2019-09-28,18,18,9,12,12,5,13,15,5,177,1015,8,8.1,0.0,8.8,10,83,3,23021
2019-09-29,13,13,5,8,8,6,10,10,8,325,1025,12,1.8,0.0,10.2,4,76,3,23021
2019-09-30,14,14,-1,6,6,6,7,10,2,235,1028,4,0.0,0.0,11.6,-1,64,3,23021
2019-10-01,11,11,5,7,7,5,9,9,6,175,1015,9,0.3,0.0,7.3,5,80,2,23021
2019-10-02,10,10,-1,5,5,5,7,8,7,233,1011,11,1.0,0.0,7.3,5,84,2,23021
2019-10-03,12,12,-3,3,3,4,4,7,3,265,1020,5,0.0,0.0,11.6,-2,66,3,23021
2019-10-04,6,6,-1,1,1,5,4,5,7,343,1018,10,9.5,0.0,5.9,1,88,1,23021
2019-10-05,11,11,-2,3,3,5,5,7,5,303,1028,8,0.0,0.0,11.6,-1,76,3,23021
2019-10-06,12,12,0,5,5,6,7,10,8,184,1024,12,0.0,0.0,8.7,3,78,2,23021
2019-10-07,12,12,8,9,9,3,10,10,5,247,1018,9,15.4,0.0,5.8,10,97,3,23021
2019-10-08,15,15,8,9,9,4,11,12,7,293,1024,11,0.1,0.0,11.6,6,82,4,23021
2019-10-09,15,15,1,7,7,6,7,10,2,70,1031,3,0.0,0.0,7.2,2,76,3,23021
2019-10-10,15,15,2,7,7,6,8,11,3,34,1031,6,0.0,0.0,5.8,3,75,3,23021
2019-10-11,15,15,3,8,8,6,9,11,5,44,1028,8,0.0,0.0,8.7,3,71,4,23021
2019-10-12,10,10,3,7,7,4,8,9,4,45,1018,5,0.2,0.0,4.2,7,91,2,23021
2019-10-13,14,14,4,9,9,4,9,11,3,273,1016,5,0.0,0.0,7.2,4,78,4,23021
2019-10-14,14,14,3,7,7,5,9,11,6,165,1014,10,3.0,0.0,8.7,5,81,3,23021
2019-10-15,11,11,2,4,4,4,6,8,5,275,1017,8,3.3,0.0,8.7,2,80,3,23021
2019-10-16,13,13,4,6,6,6,7,10,6,154,1015,9,0.0,0.0,8.7,3,76,2,23021
2019-10-17,9,9,4,4,4,4,7,8,11,62,990,17,34.0,0.0,4.1,5,93,2,23021
2019-10-18,10,10,2,3,3,4,6,7,10,306,999,15,2.7,0.0,4.1,3,85,2,23021
2019-10-19,8,8,0,1,1,5,4,6,9,307,1013,13,0.1,0.0,5.6,0,80,2,23021
2019-10-20,12,12,-1,5,5,4,5,8,2,168,1018,4,0.0,0.0,8.7,1,79,3,23021
2019-10-21,15,15,4,8,8,6,8,11,3,304,1020,5,0.2,0.0,7.1,5,82,4,23021
2019-10-22,0,0,6,3,3,6,6,0,8,0,1019,15,0.0,0.0,8.7,4,85,2,23021
2019-10-23,10,10,4,5,5,4,7,8,7,286,1011,11,68.6,0.0,3.9,6,94,2,23021
2019-10-24,13,13,3,5,5,4,7,9,7,236,1019,12,0.8,0.0,8.7,4,84,2,23021
2019-10-25,8,8,2,3,3,5,4,6,5,267,1024,7,0.3,0.0,3.9,2,83,2,23021
2019-10-26,7,7,0,1,1,4,3,4,4,315,1023,6,0.1,0.0,5.5,0,83,1,23021
2019-10-27,6,6,-1,0,0,4,2,3,6,143,1022,9,13.4,0.0,5.5,0,87,1,23021
2019-10-28,7,7,2,3,3,3,4,5,4,151,1022,7,8.1,0.0,3.8,4,97,2,23021
2019-10-29,9,9,5,5,5,2,7,8,6,170,1026,9,0.0,0.0,3.8,6,94,2,23021
2019-10-30,13,13,5,8,8,2,9,10,4,235,1024,7,0.0,0.0,3.8,7,92,3,23021
2019-10-31,14,14,9,11,11,2,12,13,9,167,1009,15,19.6,0.0,3.8,12,96,3,23021
2019-11-01,11,11,-1,4,4,5,8,6,19,245,1001,26,9.5,0.0,3.8,4,76,2,23021
2019-11-02,6,6,-3,-2,-2,6,0,2,4,221,1020,7,0.0,0.0,8.7,-6,67,2,23021
2019-11-03,5,5,-3,-2,-2,4,0,3,5,256,1014,9,0.2,0.0,3.8,-2,83,1,23021
2019-11-04,5,5,-4,-2,-2,5,1,2,6,225,1024,11,0.0,0.0,7.0,-3,77,1,23021
2019-11-05,9,9,2,2,2,6,5,7,10,186,1019,17,3.5,0.0,3.7,3,84,2,23021
2019-11-06,2,2,-7,-5,-5,4,-1,0,9,272,1021,13,1.6,0.7,3.7,-5,77,1,23021
2019-11-07,3,3,-3,-3,-3,3,0,1,5,214,1019,7,1.5,0.4,3.7,-2,87,1,23021
2019-11-08,-2,-2,-7,-10,-10,4,-5,-4,8,339,1015,11,1.2,0.6,3.7,-9,76,1,23021
2019-11-09,-1,-1,-9,-10,-10,6,-5,-4,7,242,1021,10,0.0,0.0,7.0,-12,62,1,23021
2019-11-10,4,4,-6,-5,-5,6,-1,1,8,193,1014,14,0.0,0.0,3.7,-9,57,1,23021
2019-11-11,-3,-3,-8,-9,-9,4,-5,-5,5,204,1022,7,3.4,1.0,7.0,-11,67,1,23021
2019-11-12,-5,-5,-12,-12,-12,2,-7,-5,7,292,1008,10,20.2,14.8,3.7,-8,94,1,23021
2019-11-13,-6,-6,-14,-18,-18,5,-11,-9,11,298,1018,16,0.3,0.1,3.7,-13,84,1,23021
2019-11-14,-5,-5,-15,-14,-14,4,-9,-7,7,176,1029,10,0.3,0.2,3.6,-11,86,1,23021
2019-11-15,1,1,-10,-9,-9,5,-4,-1,9,238,1016,15,0.5,0.3,3.6,-6,83,1,23021
2019-11-16,-6,-6,-15,-18,-18,5,-12,-10,8,296,1030,13,0.1,0.0,8.7,-14,82,2,23021
2019-11-17,-1,-1,-15,-11,-11,5,-9,-6,3,167,1031,6,0.0,0.0,8.7,-12,81,2,23021
2019-11-18,1,1,-11,-7,-7,4,-5,-3,3,49,1018,5,0.7,0.0,8.7,-7,86,2,23021
2019-11-19,-1,-1,-6,-6,-6,1,-3,-2,5,4,1009,8,21.6,7.1,3.6,-3,97,1,23021
2019-11-20,1,1,-5,-5,-5,2,-3,-2,4,127,1015,7,0.0,0.0,3.6,-3,95,1,23021
2019-11-21,1,1,-8,-6,-6,4,-4,-2,4,314,1018,7,0.0,0.0,3.6,-5,92,1,23021
2019-11-22,3,3,-3,-3,-3,3,1,2,10,193,1002,15,3.2,2.3,3.6,-2,93,1,23021
2019-11-23,-3,-3,-10,-12,-12,4,-6,-5,10,276,1006,15,0.1,0.1,8.7,-8,83,1,23021
2019-11-24,1,1,-6,-5,-5,4,-2,-1,4,129,1002,7,5.0,2.6,6.9,-4,88,1,23021
2019-11-25,2,2,-3,-5,-5,3,-1,0,7,279,1002,11,9.4,9.6,3.4,-2,93,1,23021
2019-11-26,3,3,-5,-2,-2,2,0,2,5,211,1013,9,0.6,0.0,3.4,0,96,1,23021
2019-11-27,1,1,-1,-3,-3,1,0,1,6,107,1010,10,1.6,0.7,5.2,-1,97,1,23021
2019-11-28,0,0,-3,-8,-8,2,-2,-2,12,125,1009,17,29.0,25.5,3.4,-3,92,1,23021
2019-11-29,-5,-5,-10,-13,-13,5,-6,-6,10,340,1019,14,0.2,0.2,8.7,-9,83,1,23021
2019-11-30,-8,-8,-14,-17,-17,6,-11,-10,9,316,1014,13,0.0,0.0,5.1,-13,83,1,23021
2019-12-01,-5,-5,-15,-14,-14,6,-11,-9,3,246,1017,5,0.0,0.0,8.7,-13,82,2,23021
2019-12-02,-5,-5,-11,-13,-13,6,-8,-8,6,29,1014,10,0.0,0.0,6.9,-11,81,2,23021
2019-12-03,-5,-5,-8,-13,-13,2,-6,-6,12,11,999,17,20.0,16.7,3.2,-8,90,1,23021
2019-12-04,-2,-2,-12,-10,-10,5,-7,-5,4,224,996,7,1.4,0.8,3.2,-8,89,1,23021
2019-12-05,0,0,-9,-7,-7,4,-5,-3,4,267,1001,6,0.6,0.5,3.2,-6,91,1,23021
2019-12-06,-5,-5,-13,-13,-13,5,-8,-7,7,264,1013,11,0.1,0.0,5.0,-10,86,1,23021
2019-12-07,-7,-7,-14,-16,-16,4,-11,-10,6,284,1023,9,0.7,0.5,5.0,-12,88,1,23021
2019-12-08,-4,-4,-14,-14,-14,4,-10,-8,7,183,1027,12,0.1,0.0,6.9,-11,84,1,23021
2019-12-09,2,2,-4,-4,-4,4,0,0,8,161,1015,15,2.5,0.0,3.2,0,92,1,23021
2019-12-10,8,8,-3,2,2,5,5,7,11,218,1003,18,1.8,0.0,3.2,3,88,2,23021
2019-12-11,-6,-6,-13,-12,-12,6,-8,-8,6,245,1022,9,0.0,0.0,8.4,-14,63,2,23021
2019-12-12,-9,-9,-15,-17,-17,5,-11,-11,10,274,1033,15,0.5,0.3,5.0,-16,64,1,23021
2019-12-13,-1,-1,-10,-10,-10,5,-6,-4,9,179,1031,13,0.0,0.0,6.9,-8,75,2,23021
2019-12-14,4,4,-1,-1,-1,3,3,3,8,77,1006,13,27.2,0.0,3.2,3,96,1,23021
2019-12-15,0,0,-8,-8,-8,6,-4,0,21,0,1006,25,0.0,0.0,3.2,-13,71,2,23021
2019-12-16,-8,-8,-16,-18,-18,6,-10,-10,12,282,1016,16,0.0,0.0,8.4,-17,56,2,23021
2019-12-17,-4,-4,-9,-9,-9,6,-6,-6,3,186,1013,5,0.0,0.0,3.2,-10,79,1,23021
2019-12-18,-4,-4,-7,-7,-7,3,-6,-6,1,142,1005,2,1.3,1.0,3.2,-8,86,1,23021
2019-12-19,-14,-14,-15,-22,-22,4,-13,-15,14,292,1012,18,1.7,1.3,3.2,-17,73,1,23021
2019-12-20,-9,-9,-16,-19,-19,6,-13,-12,7,291,1030,11,0.0,0.0,6.8,-16,80,2,23021
2019-12-21,-4,-4,-14,-11,-11,6,-9,-8,3,197,1034,5,0.0,0.0,5.0,-12,80,1,23021
2019-12-22,-1,-1,-9,-9,-9,3,-5,-4,4,200,1021,8,2.6,2.0,3.1,-6,91,1,23021
2019-12-23,2,2,-10,-5,-5,4,-2,0,6,196,1011,10,0.2,0.1,5.0,-3,90,1,23021
2019-12-24,-4,-4,-10,-12,-12,5,-7,-6,9,312,1017,14,0.2,0.2,8.4,-10,76,2,23021
2019-12-25,-4,-4,-10,-9,-9,6,-8,-6,2,341,1024,4,0.0,0.0,3.2,-11,79,1,23021
2019-12-26,-5,-5,-12,-12,-12,6,-9,-8,3,352,1030,5,0.0,0.0,6.9,-14,71,1,23021
2019-12-27,-2,-2,-10,-9,-9,3,-5,-4,6,176,1018,11,3.1,0.0,3.2,-6,86,1,23021
2019-12-28,1,1,-5,-6,-6,5,-2,-1,8,279,1016,13,0.4,0.3,5.0,-5,82,1,23021
2019-12-29,-2,-2,-7,-9,-9,6,-5,-4,6,299,1021,9,0.0,0.0,8.7,-7,84,2,23021
2019-12-30,-5,-5,-13,-12,-12,5,-8,-7,6,124,1023,8,0.2,0.1,6.9,-10,81,1,23021
2019-12-31,-2,-2,-6,-8,-8,1,-4,-3,6,79,1007,8,18.4,14.3,3.3,-5,93,1,23021
2020-01-01,-2,-2,-10,-9,-9,3,-5,-4,6,275,997,10,3.5,2.7,3.3,-6,91,1,23021
2020-01-02,-1,-1,-7,-8,-8,5,-4,-3,6,261,1006,11,0.0,0.0,5.1,-6,88,1,23021
2020-01-03,2,2,-3,-3,-3,3,0,1,5,206,1005,9,0.0,0.0,3.3,-1,94,1,23021
2020-01-04,0,0,-7,-4,-4,4,-2,-2,4,259,1006,5,0.7,0.2,3.3,-3,92,1,23021
2020-01-05,-5,-5,-12,-12,-12,2,-6,-6,8,337,1003,11,5.3,4.8,3.3,-8,91,1,23021
2020-01-06,-7,-7,-15,-14,-14,3,-11,-10,4,181,1012,6,1.5,0.9,6.9,-12,89,1,23021
2020-01-07,-5,-5,-14,-13,-13,4,-9,-7,5,263,1013,8,0.8,0.6,5.1,-10,88,1,23021
2020-01-08,-3,-3,-8,-9,-9,2,-6,-5,4,233,1008,7,4.3,3.4,3.3,-7,91,1,23021
2020-01-09,-12,-12,-18,-21,-21,5,-15,-15,8,288,1032,12,0.4,0.3,6.9,-17,81,2,23021
2020-01-10,-1,-1,-13,-11,-11,6,-6,-5,8,195,1028,13,0.0,0.0,3.4,-8,81,1,23021
2020-01-11,8,8,0,0,0,2,3,5,8,198,1017,14,8.6,0.0,3.4,3,96,1,23021
2020-01-12,-7,-7,-14,-15,-15,3,-9,-9,9,156,1019,12,49.1,44.5,3.4,-10,93,1,23021
2020-01-13,-8,-8,-17,-16,-16,3,-12,-11,4,158,1033,6,0.5,0.2,5.2,-13,93,1,23021
2020-01-14,-6,-6,-15,-14,-14,3,-11,-10,3,54,1028,6,0.0,0.0,3.4,-12,92,1,23021
2020-01-15,-2,-2,-10,-11,-11,3,-7,-4,6,286,1017,9,4.2,2.5,3.4,-8,91,1,23021
2020-01-16,-3,-3,-12,-10,-10,2,-7,-5,6,137,1013,9,3.8,3.1,3.4,-8,92,1,23021
2020-01-17,-16,-16,-26,-28,-28,5,-20,-19,10,310,1030,13,0.1,0.1,8.7,-21,84,2,23021
2020-01-18,-13,-13,-23,-22,-22,5,-18,-17,4,238,1030,6,0.8,0.3,8.7,-19,86,2,23021
2020-01-19,-8,-8,-14,-18,-18,1,-12,-11,7,129,1006,9,10.8,9.4,3.4,-13,93,1,23021
2020-01-20,-11,-11,-21,-21,-21,4,-15,-14,7,276,1019,10,1.8,1.6,8.7,-16,87,2,23021
2020-01-21,-12,-12,-21,-21,-21,4,-17,-15,4,260,1028,7,0.0,0.0,6.9,-18,89,1,23021
2020-01-22,-3,-3,-14,-14,-14,5,-9,-7,6,201,1027,10,0.2,0.1,3.4,-11,88,1,23021
2020-01-23,0,0,-8,-8,-8,6,-4,-2,5,252,1025,9,0.0,0.0,7.0,-7,85,1,23021
2020-01-24,-1,-1,-7,-7,-7,4,-5,-3,3,84,1032,5,0.0,0.0,3.5,-6,92,1,23021
2020-01-25,0,0,-8,-7,-7,3,-4,-3,6,152,1027,9,0.2,0.1,3.5,-5,93,1,23021
2020-01-26,3,3,-3,-2,-2,2,1,2,6,233,1003,10,19.3,4.3,3.5,0,97,1,23021
2020-01-27,0,0,-6,-7,-7,3,-3,-1,7,286,998,10,2.3,1.6,3.5,-4,94,1,23021
2020-01-28,-6,-6,-12,-14,-14,4,-9,-8,6,342,1008,9,0.0,0.0,5.2,-11,89,1,23021
2020-01-29,-9,-9,-14,-17,-17,4,-12,-11,6,338,1017,9,0.0,0.0,8.7,-14,85,2,23021
2020-01-30,-5,-5,-17,-14,-14,6,-11,-10,3,298,1026,5,0.0,0.0,8.7,-15,78,2,23021
2020-01-31,-1,-1,-12,-10,-10,6,-8,-5,3,261,1025,5,0.0,0.0,8.7,-11,75,2,23021
2020-02-01,0,0,-8,-6,-6,5,-5,-3,2,222,1014,4,0.0,0.0,3.5,-7,87,1,23021
2020-02-02,-3,-3,-10,-10,-10,4,-7,-6,4,330,999,5,0.6,0.3,3.7,-8,91,1,23021
2020-02-03,0,0,-10,-9,-9,4,-5,-3,7,269,1002,11,0.0,0.0,3.7,-7,87,1,23021
2020-02-04,0,0,-9,-7,-7,4,-4,-3,4,204,1009,7,0.3,0.1,7.0,-6,88,1,23021
2020-02-05,-9,-9,-18,-16,-16,6,-11,-10,7,294,1016,10,0.0,0.0,8.7,-13,81,2,23021
2020-02-06,-4,-4,-14,-11,-11,3,-8,-6,4,144,1011,6,5.7,3.8,3.7,-9,91,1,23021
2020-02-07,-6,-6,-12,-14,-14,1,-7,-6,11,46,989,15,42.4,29.1,3.7,-8,94,1,23021
2020-02-08,-15,-15,-22,-24,-24,5,-17,-16,9,272,1014,13,1.6,2.0,3.8,-19,88,1,23021
2020-02-09,-9,-9,-25,-21,-21,4,-16,-14,5,209,1033,8,0.0,0.0,8.7,-18,88,2,23021
2020-02-10,1,1,-10,-7,-7,2,-3,-1,5,202,1018,8,1.3,0.8,3.8,-4,96,1,23021
2020-02-11,-1,-1,-8,-7,-7,3,-5,-3,4,161,1014,6,0.5,0.3,7.1,-5,93,1,23021
2020-02-12,-1,-1,-11,-10,-10,6,-5,-4,8,270,1012,12,0.0,0.0,8.7,-7,85,2,23021
2020-02-13,0,0,-15,-11,-11,3,-6,-3,6,179,1007,9,3.5,2.9,5.3,-8,90,1,23021
2020-02-14,-17,-17,-24,-26,-26,4,-20,-19,6,309,1024,9,0.4,0.5,6.9,-22,87,1,23021
2020-02-15,-9,-9,-24,-23,-23,4,-17,-15,6,207,1030,10,0.0,0.0,5.3,-18,88,1,23021
2020-02-16,-1,-1,-14,-12,-12,5,-6,-4,8,226,1015,13,0.3,0.1,5.3,-8,87,1,23021
2020-02-17,-7,-7,-18,-14,-14,4,-10,-8,6,302,1023,10,0.0,0.0,10.7,-12,87,1,23021
2020-02-18,-4,-4,-18,-15,-15,4,-11,-10,9,157,1027,13,6.5,2.0,6.9,-12,88,1,23021
2020-02-19,-4,-4,-16,-14,-14,4,-7,-6,12,286,1014,17,7.9,8.8,5.4,-10,84,1,23021
2020-02-20,-15,-15,-23,-26,-26,6,-19,-18,7,282,1029,10,0.0,0.0,8.5,-22,83,1,23021
2020-02-21,-7,-7,-21,-19,-19,4,-14,-12,6,243,1026,10,0.2,0.1,10.1,-16,86,1,23021
2020-02-22,-1,-1,-13,-11,-11,5,-6,-4,8,258,1016,13,0.4,0.3,5.4,-8,88,1,23021
2020-02-23,1,1,-8,-6,-6,5,-3,-1,5,242,1017,9,0.1,0.0,5.4,-5,90,1,23021
2020-02-24,6,6,-5,-3,-3,4,0,2,5,195,1014,8,0.0,0.0,7.0,-2,89,2,23021
2020-02-25,3,3,-4,-2,-2,4,-1,1,2,290,1015,4,0.0,0.0,7.0,-2,89,1,23021
2020-02-26,1,1,-8,-6,-6,3,-3,-1,4,35,1019,6,0.4,0.1,7.0,-5,86,1,23021
2020-02-27,-1,-1,-7,-7,-7,2,-2,-2,12,89,1000,17,34.1,28.3,5.5,-3,92,1,23021
2020-02-28,-8,-8,-13,-16,-16,4,-9,-9,9,253,1000,13,2.5,2.1,5.5,-11,86,1,23021
2020-02-29,-6,-6,-14,-14,-14,4,-10,-9,5,267,1007,8,0.7,0.5,5.5,-13,85,1,23021
2020-03-01,-5,-5,-14,-13,-13,4,-9,-8,6,311,1015,8,1.8,1.2,5.5,-12,88,1,23021
2020-03-02,-2,-2,-16,-12,-12,3,-8,-5,8,167,1014,11,7.8,4.7,7.1,-8,90,1,23021
2020-03-03,2,2,-6,-2,-2,4,0,2,6,244,1004,10,2.0,0.0,7.1,0,93,1,23021
2020-03-04,2,2,-3,-5,-5,1,0,1,14,271,991,21,8.8,5.1,5.6,-1,88,1,23021
2020-03-05,-1,-1,-7,-11,-11,5,-5,-3,12,300,1011,17,0.2,0.1,11.2,-7,81,2,23021
2020-03-06,-2,-2,-10,-9,-9,3,-5,-3,6,47,1021,9,1.0,0.9,5.6,-7,89,1,23021
2020-03-07,-3,-3,-13,-14,-14,5,-7,-7,10,349,1023,14,0.0,0.0,10.1,-12,80,2,23021
2020-03-08,1,1,-12,-9,-9,5,-4,-2,7,289,1022,11,0.0,0.0,8.6,-6,87,1,23021
2020-03-09,2,2,-6,-4,-4,3,-2,0,3,123,1023,5,3.2,1.6,5.7,-3,95,1,23021
2020-03-10,6,6,-1,-1,-1,3,2,3,7,169,1013,13,9.9,0.0,5.9,2,99,1,23021
2020-03-11,-3,-3,-10,-10,-10,4,-6,-5,7,278,1019,10,1.4,1.6,10.2,-8,83,1,23021
2020-03-12,1,1,-14,-7,-7,4,-6,-3,3,129,1025,5,0.0,0.0,10.2,-8,87,1,23021
2020-03-13,3,3,-6,-6,-6,3,-1,1,12,188,1011,20,30.7,12.1,5.9,-2,92,1,23021
2020-03-14,-1,-1,-8,-10,-10,4,-4,-2,13,289,1014,19,0.2,0.0,6.0,-6,82,1,23021
2020-03-15,-5,-5,-13,-15,-15,5,-10,-8,7,311,1032,10,0.1,0.0,11.6,-12,84,1,23021
2020-03-16,-3,-3,-18,-13,-13,6,-10,-7,4,130,1036,7,0.0,0.0,8.8,-13,78,1,23021
2020-03-17,2,2,-8,-9,-9,3,-3,-1,13,190,1020,19,10.1,7.4,6.0,-4,90,1,23021
2020-03-18,-2,-2,-9,-9,-9,5,-5,-4,6,286,1029,10,0.6,0.4,11.6,-9,79,2,23021
2020-03-19,2,2,-6,-5,-5,4,-1,0,7,161,1031,10,0.2,0.0,6.0,-2,93,1,23021
2020-03-20,10,10,0,2,2,3,5,6,9,183,1006,15,1.0,0.0,6.1,4,95,2,23021
2020-03-21,-4,-4,-14,-14,-14,6,-8,-7,11,302,1024,15,0.0,0.0,11.6,-11,76,2,23021
2020-03-22,-5,-5,-20,-13,-13,4,-10,-9,3,330,1040,5,0.0,0.0,11.6,-15,83,2,23021
2020-03-23,-1,-1,-16,-11,-11,5,-7,-4,7,171,1035,10,1.3,0.3,6.1,-9,86,1,23021
2020-03-24,1,1,-5,-4,-4,3,-2,0,5,339,1020,7,3.8,3.9,7.5,-3,95,1,23021
2020-03-25,3,3,-9,-4,-4,4,-2,0,3,154,1023,5,0.0,0.0,11.6,-4,92,1,23021
2020-03-26,6,6,-7,-1,-1,6,1,3,4,166,1015,7,0.0,0.0,11.6,-3,83,2,23021
2020-03-27,2,2,-3,-4,-4,3,0,1,9,329,1008,13,6.1,4.9,6.4,-1,92,1,23021
2020-03-28,5,5,-8,-2,-2,4,0,2,3,313,1021,5,0.0,0.0,10.3,-3,87,1,23021
2020-03-29,5,5,-3,-1,-1,4,1,4,5,127,1023,8,8.5,5.3,9.0,0,90,1,23021
2020-03-30,1,1,-4,-5,-5,1,-1,1,8,102,1019,12,20.4,17.8,6.4,-1,95,1,23021
2020-03-31,2,2,-8,-7,-7,4,-2,-1,8,27,1020,11,0.4,0.2,9.0,-4,91,1,23021
2020-04-01,2,2,-5,-4,-4,2,-1,1,6,30,1013,9,1.2,0.9,6.5,-1,97,1,23021
2020-04-02,5,5,-1,-2,-2,3,2,3,12,35,1006,19,32.2,0.0,6.5,2,98,1,23021
2020-04-03,5,5,0,-2,-2,5,3,4,14,51,1014,22,16.1,0.0,6.5,2,91,1,23021
2020-04-04,4,4,-2,-1,-1,3,1,2,3,21,1019,5,0.2,0.1,6.5,0,94,1,23021
2020-04-05,6,6,-2,2,2,3,3,4,3,218,1017,4,0.6,0.0,6.5,1,92,1,23021
2020-04-06,4,4,-3,-4,-4,5,0,2,9,288,1012,13,0.6,0.5,11.6,-2,85,2,23021
2020-04-07,3,3,-7,-5,-5,5,-1,0,6,303,1010,8,0.3,0.1,9.1,-5,84,1,23021
2020-04-08,3,3,-6,-3,-3,4,-1,1,4,2,1004,5,0.0,0.0,9.1,-5,81,1,23021
2020-04-09,4,4,-5,-4,-4,3,-1,1,8,133,995,11,20.7,15.0,6.6,-2,90,1,23021
2020-04-10,1,1,-7,-7,-7,2,-2,-1,12,346,983,17,31.7,28.9,8.5,-2,94,1,23021
2020-04-11,2,2,-4,-6,-6,5,-1,1,11,293,1001,17,1.5,1.2,9.7,-3,89,1,23021
2020-04-12,6,6,-8,-4,-4,4,0,3,7,205,1018,12,0.1,0.0,12.1,-1,93,1,23021
2020-04-13,9,9,0,2,2,5,6,6,11,154,1008,20,26.4,0.0,8.6,5,95,2,23021
2020-04-14,6,6,-1,-1,-1,6,3,4,12,260,1010,17,4.2,0.0,13.3,-3,70,1,23021
2020-04-15,5,5,-4,-2,-2,5,1,3,8,260,1009,12,0.8,0.4,11.0,-6,66,1,23021
2020-04-16,3,3,-8,-6,-6,5,-2,1,7,287,1012,10,1.2,0.6,12.1,-8,68,1,23021
2020-04-17,3,3,-7,-5,-5,5,0,1,9,277,1015,12,0.5,0.3,12.2,-7,70,1,23021
2020-04-18,9,9,-6,1,1,6,2,5,2,189,1010,3,0.0,0.0,13.8,-7,63,3,23021
2020-04-19,11,11,-6,2,2,4,4,7,6,219,1003,9,1.4,0.0,12.2,-1,75,2,23021
2020-04-20,4,4,-3,-3,-3,5,1,1,7,311,1005,11,1.0,0.5,13.3,-6,72,2,23021
2020-04-21,8,8,-8,-2,-2,4,1,4,10,161,999,13,8.1,4.5,12.2,-4,75,1,23021
2020-04-22,-2,-2,-7,-10,-10,4,-4,-3,11,271,998,16,8.2,9.2,8.7,-7,82,1,23021
2020-04-23,3,3,-8,-7,-7,6,-2,0,11,280,1010,15,0.0,0.0,14.0,-8,73,2,23021
2020-04-24,12,12,-7,2,2,5,4,7,3,307,1012,6,0.0,0.0,14.0,-5,68,3,23021
2020-04-25,10,10,-5,2,2,6,4,7,4,300,1017,5,0.0,0.0,14.1,-4,68,3,23021
2020-04-26,13,13,-2,5,5,5,6,9,4,90,1021,7,0.5,0.0,9.9,0,74,2,23021
2020-04-27,7,7,0,-2,-2,4,3,4,12,59,1020,17,4.2,3.7,8.8,-1,76,1,23021
2020-04-28,11,11,-3,2,2,6,6,7,9,37,1020,12,0.0,0.0,11.1,-4,56,2,23021
2020-04-29,15,15,-2,6,6,6,8,11,5,86,1026,9,0.0,0.0,14.2,-2,61,4,23021
2020-04-30,13,13,2,2,2,5,6,8,11,164,1025,15,0.3,0.0,12.2,0,67,2,23021
2020-05-01,10,10,4,5,5,4,7,9,9,144,1010,14,13.4,0.0,8.9,6,93,2,23021
2020-05-02,12,12,1,5,5,5,8,9,9,325,1008,13,0.3,0.0,12.3,1,73,2,23021
2020-05-03,10,10,3,5,5,4,7,7,5,149,1005,9,5.7,0.0,10.0,5,90,2,23021
2020-05-04,12,12,3,6,6,6,8,10,7,321,1001,10,7.9,0.0,8.9,5,84,3,23021
2020-05-05,8,8,-1,0,0,6,4,5,10,342,1008,12,0.5,0.0,9.0,-1,74,2,23021
2020-05-06,12,12,-3,4,4,5,6,10,6,298,1010,8,0.1,0.0,13.4,-2,65,2,23021
2020-05-07,12,12,-2,5,5,6,7,10,5,332,1004,7,0.0,0.0,14.4,-2,61,2,23021
2020-05-08,7,7,-2,0,0,5,3,5,8,268,1003,12,13.2,7.1,12.3,-3,72,1,23021
2020-05-09,0,0,-2,-6,-6,1,-1,0,12,334,996,17,20.5,9.9,9.0,-3,86,1,23021
2020-05-10,6,6,-6,-5,-5,5,1,3,13,269,1005,19,0.7,0.3,10.1,-3,80,1,23021
2020-05-11,12,12,-2,4,4,5,6,9,6,217,1008,9,8.5,0.0,11.2,1,78,2,23021
2020-05-12,3,3,-4,-4,-4,3,0,1,9,330,1008,13,31.6,19.8,9.1,-1,94,1,23021
2020-05-13,8,8,-5,-2,-2,6,2,5,11,311,1017,15,0.0,0.0,14.5,-5,63,2,23021
2020-05-14,13,13,-2,4,4,6,7,10,9,305,1020,13,0.0,0.0,14.5,-2,62,3,23021
2020-05-15,6,6,2,4,4,3,5,5,4,120,1012,6,7.7,0.0,9.4,3,90,2,23021
2020-05-16,14,14,5,8,8,4,9,11,4,202,1017,6,0.1,0.0,9.4,6,86,3,23021
2020-05-17,14,14,5,7,7,3,8,11,9,156,1019,12,8.5,0.0,9.4,5,80,3,23021
2020-05-18,15,15,2,8,8,6,10,12,6,354,1025,9,0.0,0.0,14.5,0,57,4,23021
2020-05-19,16,16,2,9,9,5,11,13,5,25,1030,8,0.0,0.0,11.4,2,64,3,23021
2020-05-20,22,22,2,14,14,6,15,19,2,280,1029,4,0.0,0.0,14.5,2,53,5,23021
2020-05-21,23,23,7,16,16,5,18,21,9,272,1021,13,0.0,0.0,14.5,7,61,6,23021
2020-05-22,22,22,12,17,17,6,18,20,9,303,1014,14,0.0,0.0,12.6,7,55,5,23021
2020-05-23,15,15,3,8,8,6,10,12,7,46,1023,10,0.0,0.0,14.5,-2,47,4,23021
2020-05-24,19,19,2,12,12,6,13,16,7,194,1025,10,0.0,0.0,14.5,2,55,5,23021
2020-05-25,23,23,3,14,14,6,16,19,7,192,1022,11,0.1,0.0,14.5,6,61,5,23021
2020-05-26,28,28,10,20,22,4,22,24,5,227,1020,8,1.4,0.0,13.6,14,77,6,23021
2020-05-27,27,27,14,21,22,4,22,25,4,233,1019,8,22.2,0.0,11.7,19,86,6,23021
2020-05-28,28,28,16,23,24,5,24,26,6,234,1016,9,3.1,0.0,10.7,18,80,6,23021
2020-05-29,29,29,17,22,23,5,23,26,9,209,1010,15,4.8,0.0,12.6,18,80,6,23021
2020-05-30,20,20,9,17,17,5,17,19,9,281,1006,13,7.8,0.0,11.7,12,77,4,23021
2020-05-31,11,11,3,6,6,4,8,9,9,312,1013,13,8.4,0.0,9.8,3,72,2,23021
2020-06-01,13,13,-2,5,5,6,7,10,7,313,1018,9,0.1,0.0,14.5,-3,56,4,23021
2020-06-02,17,17,-2,9,9,5,10,13,5,321,1013,6,0.0,0.0,14.5,-1,58,4,23021
2020-06-03,16,16,7,10,10,5,11,13,5,247,1001,8,3.5,0.0,9.8,8,82,3,23021
2020-06-04,21,21,7,14,14,4,15,18,8,264,1006,12,0.1,0.0,12.6,8,73,4,23021
2020-06-05,25,25,9,19,20,5,20,23,5,235,1009,7,2.3,0.0,11.7,12,74,5,23021
2020-06-06,18,18,11,13,13,3,14,16,5,136,1006,7,13.3,0.0,9.9,13,93,4,23021
2020-06-07,14,14,7,8,8,4,10,11,7,132,1011,10,3.2,0.0,9.9,7,85,3,23021
2020-06-08,19,19,4,12,12,6,13,16,7,333,1012,10,0.0,0.0,14.5,4,62,5,23021
2020-06-09,20,20,5,14,14,6,15,18,5,217,1013,7,0.0,0.0,14.5,4,59,5,23021
2020-06-10,20,20,5,12,12,6,13,18,11,167,1019,14,0.0,0.0,14.5,5,60,5,23021
2020-06-11,21,21,9,15,15,5,16,18,12,172,1014,18,9.3,0.0,10.8,15,93,4,23021
2020-06-12,22,22,9,15,15,4,15,19,6,226,1014,10,2.9,0.0,13.6,11,80,4,23021
2020-06-13,16,16,3,9,9,6,10,13,5,325,1022,7,0.0,0.0,13.6,3,65,3,23021
2020-06-14,16,16,2,9,9,6,11,13,5,45,1031,8,0.0,0.0,10.8,4,69,3,23021
2020-06-15,22,22,4,15,15,4,16,19,2,114,1030,3,0.1,0.0,12.7,6,67,4,23021
2020-06-16,26,26,6,19,20,6,20,23,4,264,1027,6,0.0,0.0,14.5,8,61,6,23021
2020-06-17,28,28,11,21,21,5,21,25,6,265,1022,8,0.0,0.0,14.5,11,63,6,23021
2020-06-18,31,31,13,23,24,6,24,28,6,265,1018,9,0.0,0.0,14.5,14,65,7,23021
2020-06-19,32,32,15,24,25,6,25,29,6,276,1015,9,0.0,0.0,14.5,15,63,7,23021
2020-06-20,33,33,16,25,26,4,26,29,4,279,1014,6,0.2,0.0,14.5,17,69,7,23021
2020-06-21,28,28,15,22,24,4,24,24,6,161,1016,9,1.1,0.0,11.7,17,81,5,23021
2020-06-22,29,29,15,22,24,3,24,25,6,192,1013,9,3.4,0.0,10.8,18,81,6,23021
2020-06-23,31,31,17,24,26,3,26,27,6,183,1008,9,1.3,0.0,11.7,18,77,6,23021
2020-06-24,25,25,16,20,20,4,20,23,8,182,1005,12,11.3,0.0,10.8,18,90,5,23021
2020-06-25,23,23,10,18,18,5,19,21,6,243,1011,9,1.4,0.0,14.5,11,72,6,23021
2020-06-26,24,24,11,19,20,5,20,22,5,236,1011,8,3.7,0.0,11.7,12,71,5,23021
2020-06-27,25,25,12,18,18,6,19,22,5,226,1007,8,1.6,0.0,11.7,13,74,5,23021
2020-06-28,22,22,15,18,18,5,19,20,4,167,1008,7,5.5,0.0,12.7,15,85,5,23021
2020-06-29,17,17,15,16,16,4,16,17,7,53,1014,10,4.1,0.0,9.9,15,94,4,23021
2020-06-30,22,22,14,17,17,2,18,19,7,55,1016,11,12.3,0.0,9.9,16,93,4,23021
2020-07-01,24,24,14,19,19,3,19,22,2,97,1012,4,2.3,0.0,10.8,17,89,5,23021
2020-07-02,24,24,13,19,20,4,20,22,5,341,1008,8,14.3,0.0,11.7,17,91,5,23021
2020-07-03,25,25,12,19,19,5,20,21,4,171,1012,6,0.6,0.0,12.6,13,77,6,23021
2020-07-04,27,27,10,19,20,5,20,24,4,313,1012,7,0.0,0.0,14.5,11,66,6,23021
2020-07-05,25,25,12,17,17,5,17,21,3,167,1014,6,13.0,0.0,11.7,13,81,5,23021
2020-07-06,23,23,9,16,16,4,18,19,4,241,1018,6,0.0,0.0,12.6,10,75,5,23021
2020-07-07,26,26,10,20,21,5,21,23,6,181,1019,8,0.0,0.0,14.5,12,69,6,23021
2020-07-08,23,23,12,17,17,3,17,19,5,175,1013,8,38.6,0.0,9.8,16,96,4,23021
2020-07-09,30,30,14,21,22,4,22,25,3,183,1015,4,0.2,0.0,13.6,16,76,7,23021
2020-07-10,30,30,17,24,25,4,25,28,5,173,1016,8,0.5,0.0,13.6,18,75,6,23021
2020-07-11,23,23,17,20,20,2,21,21,9,149,1008,14,2.3,0.0,9.8,19,93,5,23021
2020-07-12,23,23,16,20,20,4,21,22,8,218,1001,12,2.0,0.0,10.7,19,93,5,23021
2020-07-13,27,27,14,19,20,4,20,23,5,304,1007,8,5.7,0.0,12.5,16,82,5,23021
2020-07-14,20,20,11,15,15,4,15,18,6,34,1016,9,0.8,0.0,9.5,13,87,4,23021
2020-07-15,23,23,9,16,16,4,18,20,6,49,1023,9,0.0,0.0,13.5,9,70,5,23021
2020-07-16,22,22,7,16,16,6,17,19,5,155,1026,8,0.0,0.0,14.5,6,59,5,23021
2020-07-17,14,14,10,12,12,5,13,14,6,175,1019,10,6.1,0.0,10.5,11,89,3,23021
2020-07-18,27,27,13,21,22,3,22,24,5,275,1014,9,2.9,0.0,10.5,16,83,5,23021
2020-07-19,27,27,16,20,21,3,21,23,4,172,1010,8,8.4,0.0,12.5,18,90,5,23021
2020-07-20,29,29,19,24,25,5,25,27,9,264,1006,13,3.9,0.0,12.5,17,76,6,23021
2020-07-21,24,24,12,19,19,4,20,21,6,294,1014,9,0.0,0.0,13.5,12,73,6,23021
2020-07-22,25,25,9,18,19,4,19,22,3,218,1018,4,0.0,0.0,13.5,11,68,6,23021
2020-07-23,26,26,15,20,20,4,20,23,2,261,1015,4,18.0,0.0,9.4,17,85,5,23021
2020-07-24,28,28,12,21,22,4,22,24,4,321,1017,6,0.0,0.0,13.5,13,71,6,23021
2020-07-25,28,28,13,22,22,4,22,25,6,279,1015,9,0.0,0.0,14.5,14,68,7,23021
2020-07-26,23,23,17,19,19,4,20,20,6,244,1008,10,9.6,0.0,9.4,18,92,4,23021
2020-07-27,24,24,18,21,22,4,22,23,4,248,1003,7,3.2,0.0,9.4,20,95,5,23021
2020-07-28,29,29,20,24,26,5,26,26,6,256,1004,10,3.0,0.0,10.4,18,78,6,23021
2020-07-29,27,27,14,20,21,4,21,25,4,240,1010,7,0.6,0.0,14.5,15,75,5,23021
2020-07-30,24,24,14,19,19,4,20,22,3,273,1008,5,6.7,0.0,11.4,16,87,5,23021
2020-07-31,22,22,13,18,18,3,19,21,3,314,1010,4,4.2,0.0,9.3,15,87,5,23021
2020-08-01,26,26,12,20,21,4,21,23,3,328,1013,4,0.0,0.0,13.5,14,73,5,23021
2020-08-02,29,29,15,21,22,6,22,25,7,188,1014,10,0.3,0.0,13.5,16,73,6,23021
2020-08-03,24,24,15,20,21,5,21,23,10,241,1011,16,2.9,0.0,9.3,17,85,5,23021
2020-08-04,23,23,12,16,16,3,17,19,5,154,1017,9,2.5,0.0,11.3,15,89,4,23021
2020-08-05,25,25,17,20,22,5,22,23,9,243,1010,15,8.8,0.0,9.2,17,81,5,23021
2020-08-06,21,21,11,16,16,4,16,20,9,275,1017,13,0.0,0.0,13.4,11,74,4,23021
2020-08-07,26,26,11,20,21,4,21,23,4,286,1021,6,0.0,0.0,13.4,12,71,6,23021
2020-08-08,27,27,13,21,22,6,22,24,3,237,1020,4,0.0,0.0,14.3,13,70,6,23021
2020-08-09,27,27,13,20,21,4,21,24,5,271,1016,7,0.4,0.0,13.4,15,77,6,23021
2020-08-10,27,27,16,21,22,4,22,23,3,208,1014,4,0.1,0.0,13.4,17,81,5,23021
2020-08-11,31,31,17,24,25,4,25,27,6,203,1011,10,3.9,0.0,10.0,18,79,6,23021
2020-08-12,28,28,18,23,24,5,24,24,6,287,1014,9,1.9,0.0,11.1,16,78,5,23021
2020-08-13,27,27,14,21,22,4,22,25,5,307,1019,7,0.0,0.0,14.1,13,70,6,23021
2020-08-14,25,25,11,19,19,5,20,22,4,130,1020,6,0.1,0.0,14.1,11,67,6,23021
2020-08-15,23,23,11,18,18,4,19,20,5,51,1020,7,0.0,0.0,13.4,11,75,6,23021
2020-08-16,23,23,10,18,18,4,19,21,4,147,1018,6,0.2,0.0,14.0,12,78,6,23021
2020-08-17,23,23,11,18,18,4,19,21,4,179,1012,7,2.0,0.0,12.2,13,82,5,23021
2020-08-18,22,22,11,16,16,4,16,19,4,264,1007,7,8.0,0.0,11.0,14,91,4,23021
2020-08-19,20,20,9,14,14,3,15,17,7,275,1011,10,1.6,0.0,12.2,10,79,4,23021
2020-08-20,21,21,7,14,14,4,16,17,6,293,1014,10,0.0,0.0,13.3,8,71,5,23021
2020-08-21,16,16,11,13,13,2,13,14,4,223,1011,7,9.2,0.0,8.7,12,94,3,23021
2020-08-22,23,23,9,17,17,4,19,20,3,300,1013,4,0.0,0.0,13.3,10,74,6,23021
2020-08-23,18,18,10,15,15,4,14,17,4,241,1015,6,0.5,0.0,9.8,13,90,4,23021
2020-08-24,18,18,12,15,15,2,15,17,3,196,1014,6,3.8,0.0,8.6,14,94,4,23021
2020-08-25,22,22,13,17,17,3,18,20,9,264,1003,16,12.8,0.0,8.6,15,87,5,23021
2020-08-26,16,16,7,10,10,6,12,14,12,296,1007,17,0.2,0.0,13.8,3,60,4,23021
2020-08-27,18,18,4,10,10,5,12,14,9,297,1005,14,0.0,0.0,13.7,4,66,4,23021
2020-08-28,20,20,6,13,13,4,14,16,7,299,1007,10,0.0,0.0,13.3,7,74,5,23021
2020-08-29,17,17,8,10,10,4,11,13,4,129,1004,7,19.9,0.0,10.9,9,89,3,23021
2020-08-30,14,14,5,10,10,4,11,12,11,290,998,15,1.8,0.0,8.5,9,87,3,23021
2020-08-31,19,19,4,12,12,4,13,16,5,305,1017,7,0.0,0.0,13.6,5,71,5,23021
2020-09-01,22,22,7,14,14,6,16,19,8,184,1021,11,0.0,0.0,13.6,10,74,5,23021
2020-09-02,22,22,11,15,15,5,16,18,12,179,1013,17,2.7,0.0,12.0,11,74,4,23021
2020-09-03,25,25,15,20,20,5,21,22,4,218,1007,7,0.2,0.0,11.6,14,77,6,23021
2020-09-04,21,21,13,17,17,5,18,20,8,267,1008,12,0.0,0.0,11.6,10,70,5,23021
2020-09-05,20,20,7,13,13,5,14,16,7,260,1017,11,0.1,0.0,11.6,7,73,5,23021
2020-09-06,20,20,6,14,14,5,15,17,4,269,1021,6,0.0,0.0,11.6,6,69,5,23021
2020-09-07,24,24,8,15,15,6,16,20,12,182,1018,18,0.0,0.0,11.6,10,67,5,23021
2020-09-08,24,24,12,19,19,5,21,22,7,259,1020,11,0.0,0.0,11.6,13,74,6,23021
2020-09-09,22,22,11,15,15,5,17,18,3,174,1026,6,4.5,0.0,6.3,13,89,4,23021
2020-09-10,22,22,11,16,16,4,18,19,6,253,1022,9,0.6,0.0,6.2,13,86,4,23021
2020-09-11,15,15,6,10,10,6,12,13,6,347,1024,8,0.0,0.0,11.6,4,71,4,23021
2020-09-12,19,19,4,12,12,4,13,16,4,225,1026,6,0.0,0.0,11.6,5,69,5,23021
2020-09-13,20,20,8,13,13,6,14,16,10,178,1017,16,0.0,0.0,10.2,8,71,5,23021
2020-09-14,15,15,8,10,10,6,13,12,10,302,1016,15,0.5,0.0,8.9,6,74,3,23021
2020-09-15,15,15,1,7,7,5,9,11,4,297,1024,5,0.0,0.0,11.6,1,66,4,23021
2020-09-16,20,20,7,13,13,6,14,16,9,199,1015,15,0.0,0.0,10.2,4,53,5,23021
2020-09-17,14,14,9,11,11,6,12,12,5,290,1016,8,0.3,0.0,10.2,4,66,3,23021
2020-09-18,14,14,0,6,6,6,8,10,5,124,1019,8,0.0,0.0,11.6,-3,57,4,23021
2020-09-19,11,11,-2,4,4,6,6,8,5,326,1026,7,0.0,0.0,11.6,-2,69,3,23021
2020-09-20,13,13,-3,5,5,6,6,9,3,240,1034,4,0.0,0.0,11.6,-4,61,3,23021
2020-09-21,16,16,-2,8,8,6,9,12,2,259,1034,2,0.0,0.0,11.6,-2,57,4,23021
2020-09-22,16,16,1,8,8,6,8,12,6,19,1018,9,0.0,0.0,8.8,3,70,3,23021
2020-09-23,19,19,7,11,11,5,12,15,10,304,1003,16,0.5,0.0,8.8,8,77,4,23021
2020-09-24,18,18,8,12,12,4,13,15,7,282,1011,11,0.4,0.0,8.8,7,80,4,23021
2020-09-25,17,17,2,10,10,4,11,13,3,252,1019,4,0.0,0.0,10.2,4,73,4,23021
2020-09-26,24,24,9,16,16,5,18,20,7,200,1017,11,0.0,0.0,11.6,11,76,5,23021
2020-09-27,24,24,11,17,17,4,19,21,9,197,1013,14,0.0,0.0,11.6,13,80,6,23021
2020-09-28,21,21,15,19,19,4,19,20,9,169,1013,13,0.3,0.0,6.0,17,90,5,23021
2020-09-29,24,24,16,20,20,5,20,22,10,177,1011,14,0.5,0.0,11.6,16,81,6,23021
2020-09-30,20,20,7,14,14,3,15,16,11,225,1000,19,27.8,0.0,5.9,13,93,4,23021
2020-10-01,18,18,9,12,12,5,14,15,7,233,1009,12,0.3,0.0,7.3,7,75,4,23021
2020-10-02,12,12,5,8,8,4,9,10,3,208,1014,5,26.1,0.0,7.3,8,93,3,23021
2020-10-03,13,13,4,8,8,5,9,10,4,279,1020,7,0.4,0.0,8.7,4,82,3,23021
2020-10-04,12,12,1,6,6,5,6,10,3,186,1025,5,1.0,0.0,8.7,3,79,2,23021
2020-10-05,15,15,2,7,7,4,8,12,4,203,1021,7,0.3,0.0,8.7,5,80,3,23021
2020-10-06,15,15,5,8,8,6,10,13,8,197,1015,13,0.8,0.0,5.8,7,83,3,23021
2020-10-07,15,15,8,9,9,5,11,13,8,191,997,13,18.8,0.0,5.8,9,89,3,23021
2020-10-08,7,7,0,0,0,6,5,6,16,298,1003,23,0.1,0.0,10.1,-1,67,2,23021
2020-10-09,8,8,-2,-1,-1,6,3,5,10,284,1015,16,0.1,0.0,11.6,-3,68,3,23021
2020-10-10,18,18,4,10,10,5,12,14,10,206,1005,17,3.6,0.0,4.2,8,78,3,23021
2020-10-11,8,8,-1,1,1,6,4,5,6,339,1021,8,3.3,0.0,11.1,-2,70,3,23021
2020-10-12,11,11,-2,3,3,6,5,7,4,147,1028,6,0.0,0.0,11.1,-4,61,3,23021
2020-10-13,9,9,-2,2,2,5,4,6,6,144,1020,10,20.6,0.0,10.1,2,84,2,23021
2020-10-14,12,12,4,7,7,4,9,10,6,289,1009,9,19.0,0.0,8.5,6,89,4,23021
2020-10-15,16,16,3,8,8,4,10,12,10,169,1014,15,0.0,0.0,11.0,6,80,4,23021
2020-10-16,11,11,8,9,9,3,10,10,4,335,1017,7,29.3,0.0,5.5,9,97,3,23021
2020-10-17,5,5,-3,-1,-1,3,3,3,10,310,1020,15,73.0,34.1,5.5,2,96,1,23021
2020-10-18,11,11,0,3,3,6,5,8,6,163,1031,10,0.0,0.0,10.9,2,82,3,23021
2020-10-19,13,13,2,5,5,6,7,9,5,171,1027,9,2.0,0.0,10.4,4,83,3,23021
2020-10-20,12,12,4,6,6,5,8,10,7,228,1024,11,6.1,0.0,3.9,7,94,3,23021
2020-10-21,11,11,2,4,4,4,7,7,8,164,1024,13,4.6,0.0,3.9,6,93,2,23021
2020-10-22,12,12,1,6,6,5,7,9,5,300,1025,8,0.2,0.0,8.7,5,84,3,23021
2020-10-23,11,11,5,6,6,4,8,9,8,156,1022,13,1.2,0.0,3.9,6,87,2,23021
2020-10-24,15,15,2,7,7,5,9,11,10,261,1012,14,1.3,0.0,3.9,7,87,3,23021
2020-10-25,5,5,-2,-2,-2,6,0,2,5,229,1025,7,0.0,0.0,8.7,-6,64,2,23021
2020-10-26,2,2,-6,-3,-3,5,0,0,7,152,1025,10,9.0,0.2,3.8,-4,75,1,23021
2020-10-27,3,3,-5,-3,-3,5,0,1,7,300,1020,10,3.0,1.7,7.1,-3,83,1,23021
2020-10-28,5,5,-6,-4,-4,5,-1,1,6,170,1017,8,0.7,0.0,3.8,-4,78,1,23021
2020-10-29,4,4,-3,-3,-3,4,1,2,7,292,1012,9,0.1,0.0,5.4,-2,82,1,23021
2020-10-30,2,2,-6,-7,-7,6,-3,-1,7,17,1017,9,0.0,0.0,5.4,-9,62,1,23021
2020-10-31,3,3,-7,-6,-6,6,-3,-1,5,264,1029,8,0.0,0.0,8.7,-10,61,2,23021
2020-11-01,7,7,-4,-1,-1,6,3,5,11,179,1014,18,2.2,0.0,5.4,0,80,2,23021
2020-11-02,1,1,-11,-7,-7,2,-2,-2,11,281,993,16,15.9,12.1,3.8,-4,85,1,23021
2020-11-03,-1,-1,-8,-8,-8,5,-5,-3,6,331,1010,9,0.7,0.5,3.7,-10,69,1,23021
2020-11-04,1,1,-8,-7,-7,6,-3,-2,6,165,1030,9,0.0,0.0,5.4,-9,66,1,23021
2020-11-05,13,13,-1,2,2,4,5,8,6,186,1024,12,0.0,0.0,7.0,3,89,3,23021
2020-11-06,15,15,5,7,7,6,9,11,6,223,1018,11,0.0,0.0,7.0,7,86,3,23021
2020-11-07,12,12,5,8,8,5,9,10,6,291,1020,9,0.1,0.0,5.4,8,89,3,23021
2020-11-08,10,10,7,8,8,1,9,9,3,164,1026,6,0.8,0.0,3.7,8,96,2,23021
2020-11-09,17,17,6,9,9,4,10,12,6,261,1023,10,0.0,0.0,8.7,8,87,4,23021
2020-11-10,19,19,9,12,12,6,13,15,5,226,1017,9,0.0,0.0,8.7,9,79,4,23021
2020-11-11,19,19,11,14,14,5,15,16,8,197,1010,12,0.3,0.0,8.7,12,83,4,23021
2020-11-12,8,8,-1,4,4,6,6,7,7,297,1015,9,0.5,0.0,7.0,3,79,3,23021
2020-11-13,7,7,-2,0,0,4,1,4,4,149,1018,6,5.3,2.7,5.3,-3,77,1,23021
2020-11-14,5,5,-3,-3,-3,5,1,3,7,296,1014,11,3.4,4.6,8.7,-1,87,2,23021
2020-11-15,4,4,-5,-4,-4,4,-1,1,8,156,1019,12,1.4,0.2,7.0,-5,74,1,23021
2020-11-16,4,4,0,-3,-3,3,2,2,12,242,1002,19,32.5,19.0,3.6,0,89,1,23021
2020-11-17,0,0,-6,-7,-7,4,-3,-2,7,280,1010,10,1.7,1.9,3.6,-6,83,1,23021
2020-11-18,-4,-4,-9,-13,-13,6,-7,-6,10,311,1024,13,0.0,0.0,8.7,-14,60,2,23021
2020-11-19,-3,-3,-10,-11,-11,5,-6,-5,6,178,1028,10,0.8,0.3,3.6,-13,57,1,23021
2020-11-20,8,8,-3,-1,-1,6,2,5,7,205,1018,13,0.0,0.0,3.6,-1,80,1,23021
2020-11-21,3,3,-5,-3,-3,4,0,1,7,304,1024,11,0.2,0.0,8.7,-2,83,2,23021
2020-11-22,0,0,-8,-5,-5,6,-4,-3,3,207,1034,5,0.0,0.0,8.7,-8,72,1,23021
2020-11-23,6,6,-7,-3,-3,3,1,3,12,181,1013,18,32.5,15.1,3.4,0,90,1,23021
2020-11-24,-6,-6,-8,-13,-13,6,-6,-6,14,301,1018,20,0.0,0.0,8.7,-10,72,1,23021
2020-11-25,-3,-3,-9,-10,-10,4,-6,-5,7,193,1028,9,2.5,0.8,3.4,-8,85,1,23021
2020-11-26,1,1,-4,-3,-3,2,-1,0,3,135,1023,6,1.5,0.0,3.4,-2,95,1,23021
2020-11-27,7,7,-2,2,2,0,3,5,3,220,1014,6,0.9,0.0,3.4,4,98,1,23021
2020-11-28,3,3,-2,-2,-2,2,0,1,3,247,1012,5,1.0,0.9,3.4,-1,96,1,23021
2020-11-29,2,2,-3,-3,-3,5,0,0,5,240,1015,9,0.2,0.1,3.4,-2,90,1,23021
2020-11-30,5,5,-4,-2,-2,4,1,2,6,139,1018,11,3.6,0.0,6.9,1,92,1,23021
2020-12-01,13,13,0,9,9,3,11,13,10,141,1003,16,18.6,0.0,3.4,11,94,3,23021
2020-12-02,3,3,-1,-1,-1,5,2,2,9,166,1008,13,1.0,0.2,5.0,-1,83,1,23021
2020-12-03,3,3,-4,-5,-5,5,-1,0,8,230,1013,12,0.3,0.1,6.9,-6,71,1,23021
2020-12-04,2,2,-5,-3,-3,6,0,1,6,191,1013,11,0.0,0.0,3.2,-4,75,1,23021
2020-12-05,2,2,-3,-3,-3,4,0,1,6,137,1012,9,2.2,0.3,3.2,-1,91,1,23021
2020-12-06,-2,-2,-6,-8,-8,0,-3,-3,15,268,995,23,55.6,25.8,3.2,-3,96,1,23021
2020-12-07,-5,-5,-9,-11,-11,1,-6,-6,7,319,1004,11,3.9,3.3,3.2,-7,94,1,23021
2020-12-08,-4,-4,-11,-13,-13,2,-9,-7,5,331,1006,8,1.1,0.9,3.2,-9,96,1,23021
2020-12-09,-3,-3,-9,-7,-7,6,-6,-5,3,223,1005,4,0.0,0.0,5.0,-8,81,1,23021
2020-12-10,-1,-1,-5,-6,-6,3,-3,-2,5,263,1010,8,2.0,1.7,3.2,-5,88,1,23021
2020-12-11,0,0,-6,-5,-5,6,-3,-2,5,204,1018,8,0.0,0.0,8.4,-4,88,1,23021
2020-12-12,1,1,-7,-3,-3,3,-2,-1,3,198,1023,4,2.1,1.8,3.2,-3,93,1,23021
2020-12-13,4,4,-1,-1,-1,3,2,3,7,156,1011,11,7.8,0.7,3.2,1,96,1,23021
2020-12-14,-2,-2,-4,-6,-6,6,-3,-3,6,279,1011,7,0.2,0.2,3.2,-6,82,1,23021
2020-12-15,-6,-6,-17,-18,-18,4,-10,-11,13,281,1012,17,0.8,0.1,6.9,-14,74,1,23021
2020-12-16,-12,-12,-18,-22,-22,6,-16,-15,6,270,1031,8,0.0,0.0,8.4,-20,71,2,23021
2020-12-17,-10,-10,-14,-18,-18,6,-13,-12,5,45,1028,7,0.0,0.0,6.9,-17,69,1,23021
2020-12-18,-7,-7,-14,-16,-16,6,-11,-11,5,220,1028,8,0.0,0.0,8.4,-14,81,2,23021
2020-12-19,-4,-4,-12,-11,-11,3,-9,-8,3,241,1027,5,0.0,0.0,6.9,-10,88,1,23021
2020-12-20,-2,-2,-11,-8,-8,6,-5,-3,5,169,1021,9,0.1,0.1,3.2,-8,76,1,23021
2020-12-21,1,1,-9,-5,-5,2,-3,-2,4,131,1010,7,1.4,0.6,8.4,-3,92,1,23021
2020-12-22,-1,-1,-7,-7,-7,3,-3,-3,6,315,1004,9,1.0,0.9,3.2,-5,89,1,23021
2020-12-23,-7,-7,-13,-14,-14,6,-8,-9,8,268,1021,12,0.0,0.0,8.4,-13,70,1,23021
2020-12-24,4,4,-11,-5,-5,6,-1,1,11,163,1024,17,0.1,0.0,3.2,-2,84,1,23021
2020-12-25,12,12,0,6,6,3,9,11,16,159,1006,26,42.5,0.0,3.2,9,92,3,23021
2020-12-26,4,4,-5,-3,-3,2,1,0,10,226,1000,14,8.8,3.3,3.2,-1,82,1,23021
2020-12-27,-5,-5,-8,-12,-12,6,-7,-6,9,239,1016,12,0.0,0.0,8.4,-14,58,2,23021
2020-12-28,2,2,-6,-6,-6,6,-1,0,10,165,1019,15,1.7,0.0,3.3,-4,82,1,23021
2020-12-29,-5,-5,-12,-14,-14,6,-7,-8,14,271,1016,18,0.0,0.0,6.9,-12,68,1,23021
2020-12-30,-6,-6,-13,-13,-13,5,-8,-8,9,242,1023,13,0.4,0.3,6.9,-13,68,1,23021
2020-12-31,0,0,-11,-9,-9,4,-3,-2,12,237,1011,16,3.8,1.3,3.3,-6,82,1,23021
2021-01-01,-5,-5,-9,-11,-11,6,-7,-7,5,262,1029,8,0.0,0.0,8.7,-10,81,1,23021
2021-01-02,-1,-1,-11,-8,-8,2,-4,-2,6,152,1015,9,25.7,21.8,3.3,-5,92,1,23021
2021-01-03,-3,-3,-11,-9,-9,3,-7,-6,4,231,1021,6,0.0,0.0,8.7,-8,91,1,23021
2021-01-04,-1,-1,-8,-5,-5,4,-4,-3,3,97,1018,4,0.2,0.1,3.3,-5,92,1,23021
2021-01-05,-2,-2,-7,-8,-8,3,-4,-3,6,42,1016,9,0.5,0.4,3.3,-5,92,1,23021
2021-01-06,-1,-1,-8,-10,-10,4,-5,-5,7,230,1015,11,0.2,0.1,8.7,-7,87,1,23021
2021-01-07,-1,-1,-8,-10,-10,6,-5,-4,7,319,1015,11,0.0,0.0,8.7,-8,85,1,23021
2021-01-08,-3,-3,-10,-11,-11,6,-6,-5,7,326,1016,11,0.0,0.0,6.9,-8,85,1,23021
2021-01-09,-4,-4,-9,-12,-12,3,-7,-6,6,330,1012,9,1.7,1.4,3.4,-8,91,1,23021
2021-01-10,-3,-3,-11,-12,-12,5,-8,-7,5,305,1019,8,0.0,0.0,8.7,-10,88,1,23021
2021-01-11,-2,-2,-14,-10,-10,6,-7,-6,4,239,1023,7,0.0,0.0,8.7,-9,88,2,23021
2021-01-12,-1,-1,-7,-6,-6,3,-4,-3,3,228,1017,5,1.6,1.2,3.4,-5,92,1,23021
2021-01-13,-2,-2,-9,-9,-9,4,-6,-5,4,200,1014,7,0.1,0.0,6.9,-7,90,1,23021
2021-01-14,-1,-1,-7,-6,-6,4,-5,-4,2,188,1010,4,0.0,0.0,3.4,-6,90,1,23021
2021-01-15,-1,-1,-8,-6,-6,5,-4,-3,3,80,1016,5,0.0,0.0,8.7,-5,89,1,23021
2021-01-16,-1,-1,-6,-7,-7,3,-3,-3,7,112,1010,11,12.8,10.8,3.4,-4,93,1,23021
2021-01-17,1,1,-7,-4,-4,2,0,0,7,217,986,11,14.2,12.1,3.4,-1,95,1,23021
2021-01-18,-7,-7,-11,-14,-14,5,-8,-8,9,258,998,12,0.3,0.3,3.4,-9,87,1,23021
2021-01-19,-8,-8,-15,-17,-17,6,-12,-11,6,276,1012,9,0.0,0.0,8.7,-15,81,1,23021
2021-01-20,-7,-7,-14,-13,-13,2,-11,-10,3,191,1012,5,2.5,2.1,3.4,-13,89,1,23021
2021-01-21,-8,-8,-14,-15,-15,5,-12,-11,4,203,1008,6,0.1,0.0,3.4,-14,83,1,23021
2021-01-22,-4,-4,-12,-10,-10,2,-7,-6,3,136,1004,5,3.1,2.6,3.5,-9,92,1,23021
2021-01-23,-9,-9,-13,-16,-16,4,-10,-10,10,280,1005,13,0.7,0.5,3.5,-12,84,1,23021
2021-01-24,-12,-12,-16,-23,-23,5,-14,-14,13,291,1007,18,0.2,0.2,3.5,-17,80,1,23021
2021-01-25,-10,-10,-16,-20,-20,6,-13,-13,7,286,1013,10,0.0,0.0,5.2,-15,86,1,23021
2021-01-26,-5,-5,-15,-13,-13,3,-11,-10,3,224,1018,5,0.0,0.0,7.0,-12,89,1,23021
2021-01-27,-2,-2,-9,-7,-7,3,-6,-5,2,70,1017,3,0.4,0.2,3.5,-7,92,1,23021
2021-01-28,-4,-4,-11,-9,-9,1,-6,-6,5,257,1014,7,3.2,2.6,3.5,-8,91,1,23021
2021-01-29,-11,-11,-17,-22,-22,2,-14,-14,9,315,1014,12,2.3,2.0,3.5,-16,87,1,23021
2021-01-30,-14,-14,-19,-24,-24,6,-17,-17,7,288,1021,10,0.0,0.0,3.5,-19,84,1,23021
2021-01-31,-8,-8,-21,-19,-19,4,-15,-14,3,304,1027,5,0.0,0.0,8.7,-18,84,2,23021
2021-02-01,-3,-3,-14,-10,-10,4,-9,-8,2,116,1026,4,0.0,0.0,8.7,-11,86,1,23021
2021-02-02,-4,-4,-9,-12,-12,2,-6,-5,14,43,1011,19,24.1,8.8,3.7,-6,90,1,23021
2021-02-03,-1,-1,-8,-9,-9,0,-3,-2,13,19,997,19,36.2,19.2,3.7,-3,94,1,23021
2021-02-04,-3,-3,-9,-10,-10,3,-6,-5,5,333,1005,9,1.3,0.7,3.7,-7,94,1,23021
2021-02-05,-2,-2,-9,-8,-8,3,-5,-4,5,186,1006,8,1.6,1.3,3.7,-6,95,1,23021
2021-02-06,-5,-5,-10,-10,-10,3,-6,-7,8,248,1006,11,2.7,2.1,3.7,-8,87,1,23021
2021-02-07,-6,-6,-15,-15,-15,4,-11,-10,5,188,1018,7,2.2,1.9,3.8,-12,88,1,23021
2021-02-08,-11,-11,-16,-17,-17,5,-11,-12,8,281,1021,11,2.9,1.4,8.7,-14,84,2,23021
2021-02-09,-8,-8,-20,-17,-17,3,-14,-13,3,205,1027,5,0.2,0.2,3.8,-16,89,1,23021
2021-02-10,-8,-8,-14,-14,-14,4,-11,-10,5,247,1022,8,0.6,0.4,3.8,-14,89,1,23021
2021-02-11,-12,-12,-18,-23,-23,6,-15,-14,11,283,1022,15,0.0,0.0,7.1,-17,83,1,23021
2021-02-12,-15,-15,-21,-26,-26,6,-19,-18,7,277,1025,10,0.0,0.0,4.0,-20,89,1,23021
2021-02-13,-12,-12,-20,-21,-21,3,-16,-15,6,270,1027,8,0.4,0.3,4.0,-18,91,1,23021
2021-02-14,-4,-4,-17,-12,-12,5,-10,-9,3,246,1027,4,0.4,0.3,4.0,-12,90,1,23021
2021-02-15,-5,-5,-14,-10,-10,2,-9,-8,2,225,1024,3,0.6,0.4,4.0,-10,91,1,23021
2021-02-16,-6,-6,-8,-11,-11,1,-7,-6,6,117,1011,8,25.6,21.7,4.0,-7,96,1,23021
2021-02-17,-9,-9,-15,-17,-17,5,-11,-11,9,292,1014,12,5.5,4.7,4.0,-12,89,1,23021
2021-02-18,-8,-8,-19,-18,-18,4,-14,-13,5,264,1032,7,0.0,0.0,4.0,-15,91,1,23021
2021-02-19,-5,-5,-16,-12,-12,5,-11,-10,2,122,1025,3,0.1,0.0,4.0,-12,90,1,23021
2021-02-20,-6,-6,-14,-13,-13,2,-10,-9,4,160,1016,6,1.7,1.4,4.1,-11,92,1,23021
